925
1469
525
2325
569
509
2288
877
196
2969
525
2655
2336
1659
1329
2935
2919
1412
2328
662
2201
320
1859
934
2838
161
992
1099
1379
566
1373
2304
2036
2250
1981
2957
2759
1622
834
307
1591
1712
2963
1279
371
1644
1214
643
408
895
1657
2609
1567
517
896
1405
1030
2240
2856
2409
2806
1229
1714
2194
479
1047
2151
590
2669
338
897
1613
2050
1212
2892
2773
208
1459
416
969
2354
2074
930
1273
2591
1826
30
973
1066
2886
382
1225
1467
2096
419
2298
496
2571
2888
165
261
1137
1778
2311
2702
1671
2084
262
130
2501
1231
2836
1927
2162
1109
1870
1340
1139
2843
2759
1377
225
984
196
2674
1403
2846
170
1326
86
687
1587
1575
2466
1250
1277
1137
335
1892
1619
188
475
1455
2467
2989
2916
1337
1330
1407
1532
1441
136
2109
2425
332
2135
1180
178
2657
2507
616
345
1094
2191
2811
2345
821
1300
32
2713
2919
572
540
1726
39
882
1642
1376
2564
49
260
1005
185
2369
430
869
1505
1610
1399
1162
1469
2015
1507
2916
1206
1670
2613
2379
2970
2645
2444
241
217
2985
1967
608
867
961
2336
431
1010
2596
1436
1547
1965
2218
2416
822
1180
1167
2337
2650
182
1196
2566
1741
2867
2179
1120
189
2176
565
783
2393
902
2750
1
1769
712
2337
2552
2074
2285
1340
622
1602
558
390
2425
1738
1558
1762
1740
2092
2958
1306
833
177
837
2306
719
13
223
1502
2758
1125
1604
2759
246
2668
2448
2798
2095
1733
1490
2717
688
2048
459
113
1138
2369
2227
231
1462
2537
1537
2647
67
2727
2305
786
2740
2528
2640
2499
653
1244
2610
899
1265
2411
1049
360
1496
2539
429
2184
1939
1240
2297
430
610
1876
661
2424
1414
2550
2071
1481
2277
1377
2619
2370
1257
2259
1869
1911
855
1831
162
2120
1242
1564
2832
2739
1103
261
1923
395
1502
1573
825
2464
449
1838
1888
2215
1388
1311
1048
1018
2688
667
388
1298
278
2609
561
1486
1440
723
606
2683
2639
791
2422
1095
1404
1697
1490
2906
270
2667
2722
720
1505
1610
2935
245
2922
1336
1263
2962
2003
2003
1260
2634
1964
1821
1120
405
2897
2078
440
2536
2869
214
631
1274
1911
2473
1532
2182
2140
1255
254
645
2865
541
891
139
1877
2506
102
1233
1510
1362
867
826
536
1987
1231
433
1065
2023
321
1287
2237
953
2561
1149
426
1093
683
2919
2700
1289
564
2566
1830
1807
57
1060
1314
159
2645
176
1874
512
1002
2410
2851
2586
195
916
1609
516
2203
847
1821
2116
2348
2600
562
383
2519
262
1672
435
180
854
2243
238
2266
557
397
1911
1085
2271
2423
2087
2033
2274
2025
2228
543
635
2745
98
1834
1918
2215
1182
1518
2777
1565
1389
391
589
1825
572
1443
1068
810
710
1977
1559
2621
62
1183
2397
2501
216
2023
1527
2445
2566
2514
2542
17
1348
1812
2232
2530
331
2361
1447
2072
2752
2036
897
676
479
2317
1838
1541
1294
398
1163
1356
1933
912
1210
2149
2935
2737
1946
2502
2603
1840
2871
951
653
2103
833
1336
1816
2280
408
1568
1668
1306
2597
2499
623
1435
1041
2270
2185
2556
978
1118
468
2188
268
403
2277
2566
257
1880
1407
128
183
2412
2583
1016
748
1751
648
1156
672
2316
2814
269
1816
790
1704
209
60
890
117
1038
2008
585
227
2628
1340
2856
2547
1950
1737
1306
2430
1920
718
2366
289
1466
1117
937
2974
1789
606
2789
2058
2422
579
1115
2983
639
2005
100
2029
1365
1037
2256
1346
2377
2465
893
1679
1202
2199
1110
474
269
828
1115
1735
1945
2053
1709
735
2659
1850
145
2433
2429
1260
2416
420
265
2868
2450
1983
905
2058
329
634
1523
1574
2314
77
773
776
904
1042
1604
2019
129
549
1424
2190
1636
1083
1041
1782
868
470
42
636
1243
660
504
693
2995
1761
103
324
2396
1627
1898
2062
2056
23
2838
2960
1065
1794
1980
1546
2695
404
736
1332
1840
1777
466
2708
2600
860
345
1195
1872
1201
1888
1867
2963
2343
2191
2359
970
1441
1421
27
1464
1611
339
2881
405
2319
1779
100
76
2516
1784
1916
1645
2250
1976
1245
463
2673
2440
2335
875
1680
1203
838
1024
746
549
2346
2540
2322
2725
1004
1285
65
1238
2042
2384
17
2142
2812
2885
1279
2080
1531
881
1057
128
1344
730
2569
680
1957
1601
2235
147
2977
2981
696
2324
2521
370
2401
878
2007
2466
2468
1049
2203
2837
544
2015
75
1823
1096
1606
2704
2505
1734
1049
587
1655
2081
2545
609
1316
2692
586
1649
741
262
1171
1111
2664
2401
471
2130
2221
1520
1333
2058
2064
701
2133
1239
2149
1091
944
1654
178
2345
2241
2185
1426
1786
2794
2742
1831
733
1743
2572
995
2914
1035
1011
2667
1506
142
2240
27
1827
1299
2443
2880
784
683
2029
2228
1627
1035
2406
1324
277
1943
2750
2415
1738
2844
1246
2471
1587
818
818
1854
2206
1830
1873
712
2324
1114
1091
1503
2765
535
1384
901
1218
765
129
197
1801
2887
1521
2078
1831
1623
1845
921
1819
92
744
406
1262
1562
2612
468
744
1486
1533
420
2600
2624
1924
2365
511
660
618
2081
1425
748
2278
578
987
1151
8
170
126
1854
1091
1945
2298
1835
2352
560
750
2316
1381
1494
802
2914
1915
754
2890
1191
471
402
2203
1090
2483
980
2190
2114
1559
177
265
1567
348
392
773
1439
2337
71
627
2041
984
1377
1358
2365
223
2512
2631
2490
267
2521
1033
738
275
236
1828
2759
1217
1370
1873
2776
1548
