42109
39726
35778
48741
9115
9699
42891
42088
11242
7994
48879
36037
13351
17811
17918
5100
2433
33593
6125
49022
6050
37073
44124
7443
21330
33281
5100
11457
4622
11880
19564
13083
1606
21694
11825
27073
47745
21068
19162
25340
45414
34393
11377
25117
2204
45647
46569
20990
29241
2694
20012
1643
6119
30489
25438
43801
13770
30538
5259
34745
8770
41175
14180
26728
12869
26005
20154
26967
47073
5668
2307
8839
40061
30036
33956
42265
42036
30525
13255
21277
49572
49620
39272
22043
46461
14710
15845
26583
11601
37456
11328
20371
28631
25509
13452
7852
17866
33606
34819
31292
39274
3478
40131
29335
33515
40440
21600
25551
20965
1208
13180
36889
17180
18804
8933
13641
33514
24778
40224
45115
12234
17905
31839
7217
43414
45291
15069
11280
28897
16241
8924
18171
19719
49056
47506
19586
39496
35458
11489
26813
3018
41021
13703
20198
9825
38988
33839
43340
30118
40416
4807
8704
8321
36646
15921
18087
31937
47342
45719
27186
29935
4644
45357
16007
3700
9215
35593
9548
11026
13435
2713
14044
4456
16416
595
14282
21756
786
7622
1874
41202
12429
10578
15875
15428
42851
33962
47365
40194
29682
24552
20129
34326
36261
36136
4378
11829
38082
13926
22855
1517
16639
3251
5973
49408
3846
20255
21164
4633
44229
39391
12187
23011
16321
28063
38439
9173
12025
35804
49367
41707
26708
35848
26033
29322
38337
46763
41151
42771
10689
30358
10640
43681
33609
16613
43089
37456
3221
30605
8441
13802
36348
20628
36813
2670
48691
25252
11843
27069
27409
27562
18776
4117
29762
11162
49791
34451
7925
40942
27222
34967
21300
37862
28648
21262
20828
38089
8718
24049
35046
17159
37851
21395
4139
24665
40417
19183
16269
2260
46252
43678
46174
15028
14148
25936
42542
13939
10388
16820
21234
37610
1787
8886
41825
46787
30148
12653
1228
5218
3054
36274
22377
40905
24021
42869
31922
14438
12052
14544
16698
8304
8222
12872
39684
38722
5161
32227
2662
15549
49047
40248
19511
17186
49134
11336
13973
29283
23989
15201
34501
27043
17827
23231
34301
41849
32452
32575
6287
44504
47119
39338
2808
21694
18562
42492
10416
40075
24719
29430
5624
40118
19678
41488
7304
35165
2824
21277
30800
43166
2830
31653
36561
20658
21236
37214
12507
3688
36142
35146
48192
33261
40836
17352
21307
25751
9845
48076
15826
916
27506
37803
41035
13537
29291
14691
15054
48467
2321
45854
41633
5151
43859
44547
42161
15096
31761
21020
18784
17903
6167
16977
17517
13355
34329
38824
39106
10526
36900
4933
27795
30759
9088
18830
10648
38379
49873
25702
36846
2194
37908
28480
23698
31767
23027
15859
46863
21140
36880
32000
39044
9399
48977
6561
22754
49658
11737
11861
26537
14990
33146
4332
12101
42234
39514
39101
46965
39387
14803
33811
7934
19063
28643
31632
830
18022
13843
14046
39163
723
46046
44559
10122
11375
17472
49229
27385
29209
27442
3922
10551
10588
8254
22652
19174
14120
28105
16139
3508
42908
16302
27794
28323
44946
9426
29154
29320
23269
43200
18483
40345
5598
29394
467
16973
46866
49696
44358
42428
27138
48281
2979
4078
22887
41984
39604
37008
20089
22095
6868
29350
4750
34662
7673
49696
10440
3179
45368
61
12731
30204
40406
18329
9598
7226
35302
6465
23274
46013
48893
16765
10646
18224
37195
49885
26560
26800
36893
13002
15247
10113
42352
19997
11127
16377
36045
37919
19557
31414
37981
32288
11618
44739
618
21216
1965
2272
44033
41592
48285
9278
8357
25283
43855
45552
25169
20415
38704
28414
33417
20304
38528
42121
40301
16007
8499
26347
3927
28056
24113
8260
26696
2083
2999
43666
23299
21317
45939
33685
12909
10576
9315
37618
2212
3170
49522
27381
23586
4579
5795
23355
24883
10675
15477
15184
26683
23976
7883
46962
2032
48348
5222
45080
431
24573
38747
40083
12242
1038
23768
41503
27966
33083
29121
30178
36254
28644
7559
26192
49575
13355
49547
24458
24030
15024
5994
17065
39000
30230
14027
7384
28578
35601
18817
29010
26527
7564
35445
38769
8602
9213
30273
2920
8648
25746
33099
11254
4390
40658
3798
3965
20365
3346
44775
10748
34722
770
27813
40075
31000
8193
13811
9578
10146
32628
4940
36673
40192
40385
41795
15146
15950
22068
18067
40951
47814
1166
18557
18557
8176
22356
38874
28542
42054
2
5642
43128
772
33455
33203
48124
8000
47015
24054
18147
45995
28995
21172
2540
35732
12967
17686
18035
1387
2105
8986
15554
3271
27543
463
27800
16251
39337
22694
24657
39339
28336
17786
6463
28143
17341
4587
2496
14356
28642
20643
26704
23989
8167
29244
9721
21135
13282
27756
38874
15388
3094
4428
35011
30638
4891
12811
13241
10581
1857
37899
16272
30193
5685
39088
24689
23026
43675
27185
3735
38669
47828
46791
12658
22347
26035
22380
9834
39317
16488
48709
4705
19583
19489
39717
16573
40733
18880
29814
17666
20738
34065
33938
17283
6102
23026
41972
45481
33054
19157
15568
21723
33337
12359
34382
5685
4746
23114
31871
44063
39602
30580
15121
9185
16422
21190
25758
7155
6422
21925
24821
43512
22342
25111
10796
28445
14490
2768
23926
47544
38278
5846
19267
37967
18205
20001
10004
22951
43115
41876
33366
32718
38808
14839
8255
5230
2381
366
28737
8804
22291
19910
2316
44633
11374
29464
39430
25864
48585
13356
23408
3215
19202
9027
41182
3759
29029
1187
43062
22144
9415
42781
4862
48223
7620
13118
19806
26354
13484
48543
1510
2127
34806
20178
13112
46180
49643
2543
22044
48228
32251
11804
1443
17806
20831
8977
21565
49860
10164
30980
38357
35931
23761
9571
34155
47733
22689
3961
24087
2525
18856
41949
21004
20014
12128
34117
16194
11771
3012
38238
26351
1615
16394
44146
19421
37226
19475
7339
3438
45992
38319
41795
31923
28432
17719
16078
42517
40408
36391
32957
9286
21600
24906
46642
41614
37034
47111
7809
15157
123
12399
7860
1739
28794
2006
37512
32372
37834
44851
35810
33826
49522
43958
15749
27954
11677
48180
20472
18437
34571
3429
44075
6171
44687
7070
14138
31722
4181
21947
46879
20657
698
21092
22396
29492
23098
26260
28216
27284
21112
30379
11110
36986
40689
26860
14941
18718
25040
1765
37155
25963
21546
47583
48487
16233
4653
12625
14307
25186
34572
27539
45843
1622
48631
34591
47467
38081
10852
25683
15366
31964
6062
26476
18950
46751
19688
243
15469
44728
18360
18977
37044
6258
32912
35531
22492
37565
48156
3151
29103
49080
30690
24947
702
45673
9538
48169
33755
20390
23853
49121
2354
46267
41949
37657
43019
11638
4252
24840
22718
22613
43817
9762
28871
43081
45293
17715
46998
43449
20867
26102
8881
17909
1049
9584
13583
10587
7753
47338
47330
47958
12811
49684
44226
21112
3693
3597
32750
7946
28437
21821
46911
38607
31583
25782
31688
43229
9850
28687
3030
47069
21141
11912
14978
22190
21496
44913
49129
45601
8603
46459
43560
21414
12496
4138
42527
32541
7735
41629
40487
36172
13450
37398
41131
11386
29533
39172
20967
39383
34211
23997
2804
5352
35909
17782
43894
23757
12696
43023
19359
37651
5835
29271
9066
18331
49761
17945
872
7496
25926
7712
10020
5729
11462
1152
33467
7347
40324
4434
13082
40887
28431
15886
46239
30693
33669
40133
4450
12717
33156
40161
368
5343
35784
25786
23674
35545
10083
40899
9393
2362
48611
19414
24443
10073
36918
7910
17421
27242
12344
30503
34481
7127
46390
30720
37820
46411
20853
8623
25480
20361
15136
42200
25705
17273
17987
15731
19170
44422
6630
28564
13136
5241
47978
37579
31667
34896
45489
15440
28490
24185
12295
12971
31313
25037
10043
35485
21448
30896
44108
13280
17609
25597
5481
9666
42870
39820
41750
12040
594
48380
40604
13731
19974
4934
1310
17993
39830
46800
33433
34672
20985
45728
13995
18650
20766
24038
4136
8566
4934
14596
21847
38896
40193
43680
14914
49415
33500
6664
11456
446
5045
18412
14177
41371
23347
15488
9364
29529
28640
42797
30554
15977
4877
44549
980
41995
18588
5116
562
39874
19712
38761
45122
9906
48793
10037
25673
48645
33053
37129
49091
4450
21894
13269
45821
11593
45109
5185
7474
40101
14334
38028
22430
35564
32578
23410
27559
17518
28526
44473
23744
14591
49586
18867
40849
48379
45256
16522
47024
28309
20004
12468
32760
41898
42089
28581
3491
37198
119
27317
43651
30805
15346
16081
16369
14276
5844
43929
48146
34370
4754
21890
48961
4341
40757
6162
19072
36013
22685
32449
30675
42689
44917
13435
34587
37006
8368
4430
40556
24839
31747
559
5645
13445
32992
38366
27721
38836
32295
25867
39559
3402
47758
38520
7743
4867
11035
26815
7233
33720
25616
37908
26409
20533
1343
27348
23891
26063
48130
30799
903
29877
31358
6548
9675
14351
44914
37396
19539
43562
29616
9098
46964
43726
13971
21059
14945
25006
14226
22178
8726
39843
10086
1487
26728
27781
28835
620
3845
43317
31419
4748
39546
29130
27648
49221
9833
38914
2970
29372
48828
32586
38471
12144
42664
2442
49555
7609
43800
13782
46140
2526
19977
22578
20365
46705
360
15552
47325
20557
8869
45097
41657
48415
40579
35657
47637
16764
40923
607
46136
39752
49545
959
18248
8561
19753
17804
32522
13553
47938
28662
16079
17915
17593
36444
14620
34305
1996
28298
4862
27217
39747
46519
25633
46678
48528
39622
13442
39451
40229
9578
45555
6126
26890
13804
14687
46643
47960
13561
10197
45898
8576
42628
13813
26169
45425
44785
10474
13773
39435
31688
40991
29182
44559
32976
25860
43087
22598
5654
32538
29179
15233
28094
35305
8475
8250
16344
5118
6210
46257
31667
2108
4833
24296
32273
31002
36073
43410
7828
16198
32846
39516
7189
28380
34075
6517
20593
27162
29115
26247
26053
8294
7832
20499
9951
16307
28749
42647
21426
34959
38905
19445
3419
10090
10093
2044
41093
46166
45454
15273
12365
28300
4790
35906
23033
5217
42424
43626
32380
37891
19873
24785
12538
27706
45284
38841
44013
24033
47841
31791
25344
36746
1237
28763
46836
11330
47159
4281
23849
42613
35907
2566
37266
40697
4824
10299
45914
13600
3925
44646
1492
23798
19431
30382
17856
31067
19223
11870
5100
17064
10013
30444
20162
11250
25559
33351
38933
39070
3984
29134
31684
39891
31700
35302
46940
36524
11953
9207
125
15878
20205
17969
6028
5989
48351
23885
37056
17574
2107
8509
991
12120
38953
37505
39723
30865
20856
45008
36287
41193
24142
34323
47436
5842
19625
44377
42366
31578
19936
8843
13808
40141
26812
36189
12482
25163
26426
49539
9090
44885
8048
26433
23357
13353
13938
13080
10570
1147
8088
46858
42340
48582
31181
39776
4424
17159
505
13143
15089
36793
21986
45250
43287
15151
47791
5769
40314
24217
21660
15756
35454
29708
42189
8811
9414
6128
38244
19984
23627
46332
33194
15967
11267
30728
22095
15691
47887
22601
45186
29328
9394
17173
24578
2681
32324
22369
24803
38990
12938
46463
4747
48392
42524
46936
23556
1938
19416
11800
38274
43043
24484
37821
25362
35751
18549
47458
17795
32788
36411
12981
12116
12157
46506
36695
31191
45182
25416
5994
34173
4707
18809
5272
19451
11333
18560
43007
13271
37977
4807
17898
47372
45644
5719
39087
31395
24268
2897
49190
7056
5660
28524
35524
17817
25030
38571
15360
20213
13988
37706
20738
18695
6516
26010
38146
34201
44570
47506
47473
48899
2313
31723
12624
14309
37442
1711
45705
11710
4608
11247
35118
10268
6123
20642
44437
31154
25566
26150
17719
39554
13856
38457
24601
36724
30819
12747
20926
41741
10253
34751
40641
28919
16474
3265
43228
3916
21328
5285
31978
42288
32885
33448
18908
39008
20442
13345
36514
46008
5847
20585
1914
19704
9042
26515
22780
6213
5615
10058
47955
32220
44809
38596
27491
27635
8213
37072
31551
45893
42357
29881
38181
41594
29681
7089
46955
124
36786
33469
12484
42634
4055
14399
28690
29449
40914
17822
35663
12881
27881
33618
45102
22690
38566
22593
16678
13131
9665
14581
9024
18375
44463
47205
26321
24144
20646
23276
40620
23784
6746
19457
16418
27153
33856
11460
6602
41122
29283
8617
4004
7164
8587
15458
46206
13505
4403
12884
26636
30421
27466
2012
48796
38281
15569
41469
28777
36215
14746
35750
10000
37844
5207
42770
14997
39063
4231
37951
46537
49866
12921
541
7030
21508
32351
19588
35014
36755
48825
28002
17176
42643
30015
32324
30924
45584
23793
26053
48152
38539
11803
8152
26383
17010
17274
7732
22425
37857
45684
35315
37723
8605
35856
11105
46465
34560
30694
47831
21315
29519
25834
38491
38514
22201
37167
19438
17785
10960
11843
15937
15852
23647
40441
42235
7009
7716
16320
45787
45573
28356
31102
49649
3313
33310
10754
49778
17870
41448
47610
5537
37319
39796
44028
25833
11997
47547
11623
29782
8508
23467
12072
24360
13466
18865
32947
36827
42933
15619
48966
38507
43975
30068
4508
47288
29731
15262
47067
47601
23063
11029
19491
10382
825
13519
2568
29174
11067
30543
25308
35927
20362
37380
26639
180
6246
25938
37008
49179
41558
2326
4038
35533
32395
8546
32822
28478
40161
46241
42431
13224
23622
11922
39958
40799
41794
42526
19973
2861
39422
45281
5140
26136
49014
31779
26317
5260
7717
29677
20791
15627
48355
41182
1161
30750
16080
335
25580
6241
12928
18012
19465
36550
29934
9424
43701
21728
18302
13674
40941
7724
25307
46081
213
24321
44212
42882
45933
18282
38911
16725
33909
37266
24259
1422
34369
40339
1757
9949
46581
31037
27961
16046
33939
7896
25470
27640
29624
10125
7666
36918
34201
49326
32999
34414
23647
43564
27296
19581
11846
16207
2658
12107
19826
43269
13530
4195
33608
31639
14144
30189
12677
42106
12588
12968
2
4410
6961
45978
14535
14627
32896
48737
13953
32248
33151
3953
25812
26800
39886
4010
9359
42544
16117
29185
2165
29647
33380
35773
11287
47525
32315
40316
39631
44903
3284
5985
49313
10245
18315
30201
41225
1212
28938
21530
49812
28441
25483
25624
21593
15369
29634
30953
24265
45751
10138
26430
41751
9871
28556
19390
7396
10871
9706
13379
5774
29342
19364
21439
5940
4031
17992
47165
21595
13282
35047
21407
41724
10531
13383
29669
42252
9369
10622
32870
21473
37113
25652
13224
46984
4208
32614
4380
15079
8672
34111
37205
38014
19827
24997
43954
23858
42989
7471
45454
6272
42519
33213
14348
19402
46597
44017
28006
22318
20992
10876
43791
8105
36529
23367
5089
7089
5981
25821
22169
14653
26284
25726
19020
46111
723
29326
19969
10065
3150
31775
16337
45669
14989
47037
31423
27938
41054
9429
256
28398
20306
44048
36503
23187
17415
7944
30276
39749
117
18797
20754
26401
44524
6126
22512
45247
35453
8834
21664
38603
6961
38001
624
21950
1390
32047
16240
8797
7828
16497
37195
28134
26897
23699
17673
10664
47995
47950
16765
14465
16747
37520
40866
11271
43646
29731
22871
45451
4917
10887
406
11878
48889
1030
181
16631
49429
16421
25428
7258
49270
12624
1744
26167
2675
35770
3184
670
33720
19949
31487
16819
23821
38706
44443
33820
34789
33666
45623
39706
44553
46030
17936
9794
13412
34469
26426
12842
891
1854
36452
161
14478
4548
42681
33505
40318
12217
528
40390
48518
32015
7210
22340
20721
1653
22512
5510
1671
18135
11568
46224
14165
29505
6019
27578
13974
48797
6772
31217
651
9576
47731
31482
30476
6764
14987
37147
18981
31867
27537
17499
13883
1099
6191
34604
19104
28703
6467
20775
46839
18035
33352
27356
13892
39371
21286
44219
4520
44410
25436
5171
3986
39519
3005
815
46283
34345
37962
31616
16212
31851
15468
46447
49303
21659
47404
18407
16715
3871
5535
13554
38258
38887
7262
18503
44610
28549
12722
49130
22959
4510
20653
43298
44030
40011
44113
6665
40708
48427
38282
23272
46630
20102
19720
45933
41761
17124
30693
8476
37347
36228
38382
41957
25115
45645
10460
36077
40546
39534
1559
13505
44045
22212
23155
4427
28575
17268
27444
19283
32047
15726
42556
28678
35828
12276
24611
43942
45752
5304
18770
49451
7884
7153
41408
49351
19150
1869
35428
9696
7755
36987
39553
1800
25552
12709
22579
20479
46329
24
39763
28377
32102
48671
23407
34283
27299
14370
28225
23051
36027
13347
38854
43911
36852
30262
43263
6002
48483
45043
32050
6239
48383
21604
24391
40287
665
46971
10766
46994
13347
16881
41723
45449
15552
15130
29732
42851
45853
24309
32254
31880
37657
21108
25791
24509
17723
35406
46864
32558
46802
28914
5149
45185
16870
45893
35472
33887
42864
12590
30882
22563
29472
38957
18012
45024
20440
14097
4228
16293
38406
36482
48173
42415
23943
40316
33277
8018
25723
30141
40576
38877
25407
12078
34062
42278
7971
35886
26165
17187
14828
23399
39750
44300
28709
24114
5677
49149
38211
26257
15442
42970
29091
29967
1737
3034
20283
35014
27404
12358
15155
34333
1235
40563
46411
1649
49193
4382
3887
41710
37921
18716
31462
27671
29368
10171
1785
35045
25672
6349
27654
41114
49319
6746
21081
17408
26132
7716
2423
3537
20075
17578
37870
21310
24493
34281
39312
23686
5015
43199
31749
42936
11915
13211
36959
7636
39734
5096
9033
15406
11445
36688
22872
27116
43434
43953
44525
19566
1669
46948
23103
38096
30878
27325
25759
5372
11606
15071
45410
32973
8270
27159
42261
36538
6722
29220
44174
46456
34317
3207
11862
45762
39895
34734
39231
49681
45039
33756
19248
13061
47056
8703
1157
27934
36029
43268
49658
13987
8339
45069
13313
32962
38580
5574
35852
45303
34795
46378
41759
35464
15937
19974
47578
22185
21060
36809
21866
16100
36917
7466
29161
325
16170
46670
28260
2199
39939
44270
32538
14630
39339
45851
13944
44272
1426
49796
39575
2573
46174
47686
38037
12112
17660
1967
34297
38721
5129
22515
21173
42046
29982
16686
42372
46152
13356
36984
14703
19647
31254
47241
630
36946
9445
14574
31218
10871
30723
37145
29796
43249
1183
34185
21713
18844
36152
22362
23917
41281
44878
11442
49680
41212
28128
8404
37364
7836
11740
18419
43836
42994
32012
44466
46292
41457
25392
43862
18680
6115
47359
48476
15717
48543
32661
37430
33739
35166
9793
7656
26447
21023
19098
42479
12235
47226
883
15951
21414
12623
34370
15250
21970
16382
9716
34614
24192
1461
44829
42872
23928
42188
41349
39645
40731
40362
27076
24470
25528
3221
48478
18328
24244
17576
27159
2831
31154
44395
18782
2569
7018
3152
34171
45340
35886
43888
46307
10078
11701
41136
19303
35629
33324
10652
25275
24056
17366
18703
14878
9247
21924
13357
27575
12520
30933
21086
31703
28440
15481
485
47361
38852
19989
31532
34192
22227
41772
30499
48658
3473
37987
17961
39103
21312
28613
30730
11720
12331
49433
26598
21578
37709
39955
15505
16581
37241
36592
48284
32033
2073
15121
29394
7277
1462
27278
41470
23689
35403
38321
22347
38876
26309
40308
44331
13973
35273
25061
25693
47605
40846
18643
35535
44907
8599
1041
11488
12192
3985
26124
10577
22410
7597
6323
29688
9059
33601
37510
32749
19004
42183
21448
24233
34844
11757
34916
48817
13382
9978
40862
27339
17176
9506
12875
12084
34457
30268
39924
13001
605
32401
23578
23015
39998
29901
19055
15410
29854
22917
48159
48859
15101
35959
39444
49945
47716
24360
15115
27451
690
5977
4790
17867
31835
34017
46303
32644
30637
2579
45645
31242
1332
19223
20610
7683
15476
6017
23093
45331
28935
21252
10542
44036
23563
49986
10333
21280
24346
25448
15083
41389
47778
19873
25608
29613
20243
38263
12258
880
40842
24255
48475
8527
9831
35437
16210
25307
41454
39303
20638
20389
26907
31180
30777
470
47518
41111
38102
38217
16559
3185
29606
14337
39411
5214
10303
9654
43477
38913
26886
671
13168
25361
9198
22999
27150
41760
48307
18605
31063
35297
38994
7970
32830
36124
8441
30348
27235
12895
18565
10146
16081
14523
40836
5492
36089
1139
31498
45918
40052
24736
46590
3220
16450
22140
26220
43600
13901
40879
12205
11316
26176
17552
19287
25358
3676
44080
5707
47263
6975
40624
7409
39408
5148
14597
11252
41237
15736
9102
37156
22140
33839
98
25361
289
38590
17933
10241
18843
25164
22447
30160
17692
6351
15799
43051
26379
26231
48758
39994
49558
5734
13755
38967
10882
28353
16571
18472
44089
25674
21980
16230
9513
22078
7943
26154
10668
42228
36395
45864
17392
25194
26024
1436
47897
8175
44487
40628
758
9597
30622
316
15332
44378
5635
42566
39083
22207
27390
33172
14233
49370
15754
23746
21448
40049
16252
48469
48629
18999
44333
16021
10546
36709
33810
24795
11236
28297
15424
11994
4247
12398
12310
35931
23128
34298
28497
12211
6505
5888
11736
20738
5258
27490
10836
43059
33892
43440
7880
32521
28791
2213
14895
5689
5274
48705
30485
16510
43354
12261
44856
47601
24659
7166
33532
47788
7816
28382
9999
14321
622
21735
1411
22232
15578
28599
15291
15822
38391
23171
14695
17183
41736
29590
22872
13362
44647
3357
46224
38002
15618
41080
1955
6630
14599
1840
4418
22415
30222
30769
3089
47196
18857
4500
19428
787
49452
1072
16609
37843
40595
31304
5026
32332
27247
44251
12046
21894
13960
8271
26248
45931
15703
44556
2561
30302
46396
23331
19070
42970
20452
22159
40166
39309
43011
9594
40096
8815
10666
23057
46659
1262
20714
18037
49946
47961
12288
28344
36207
26249
2967
28808
22180
18671
23364
41093
15325
36112
14424
34395
29082
34876
22906
35600
24186
32270
11546
30634
41085
22213
20044
4096
39827
40758
22134
6125
5071
774
34469
41278
27023
37437
36438
15555
22460
26154
6648
37785
28618
21072
38533
24052
22301
27791
9652
12839
10061
21199
9825
17499
9764
29869
21595
49591
20627
10081
22068
42050
10856
22889
49681
4231
10326
36119
19787
49138
28626
42787
3276
7244
30212
41809
31297
2513
35952
40949
31704
12366
28500
41529
29865
38264
21399
17812
4207
8378
27894
42627
16781
5102
15517
16462
9333
42195
18933
45472
41334
47559
4612
44610
4804
34824
2771
2453
3689
38723
9754
35393
1089
38255
26922
47306
42871
14673
15119
13431
39404
9365
6058
6185
14467
21575
38999
40152
13771
7932
35625
21457
5492
40237
16067
26648
41413
35190
29101
45102
23913
38855
30495
41355
43462
23769
38661
2686
4795
20132
16117
10551
29497
38527
16736
10316
26455
5735
469
6578
30019
2446
28035
35511
9035
10454
28511
448
45644
23964
11902
35909
29172
8749
43616
22634
32518
48630
41672
3665
18762
7789
14216
14612
46317
47304
24928
39124
19391
41749
45702
49411
44195
23737
1274
19582
543
29786
20030
46187
20102
31932
48448
49274
40681
42065
38261
39552
7047
29933
43217
25809
37723
23786
6773
392
21090
48054
39516
40482
39803
1570
6245
351
25307
7519
19933
25850
3657
39964
38389
23760
38248
3189
23034
45282
11606
11295
34834
18653
41229
44403
10815
45304
34541
17588
12048
5632
31994
17916
12466
21798
19486
18711
22149
11145
26230
42082
36995
29888
48398
41736
20000
2999
44925
43034
48281
22884
20682
49467
41537
28263
10222
18704
23567
44764
36293
1967
396
18287
19883
12862
6437
5721
47925
28586
16866
24155
37021
20213
20395
1771
11949
40395
4770
23226
49782
3051
46110
36816
2518
4000
15079
29093
22704
4998
23857
25349
6965
24253
9989
43200
3467
16426
48921
1392
11365
15787
41899
14738
36000
28647
16509
14301
35394
21280
3879
35176
40683
49990
21992
9554
20342
3423
38647
43046
8421
12504
34748
31738
3109
44737
24938
22928
11163
23859
40672
38880
5998
32571
3618
41998
11218
20128
22651
46613
7760
26531
48141
48443
42873
36486
24349
13215
6261
12996
22613
14683
41852
7361
46421
44961
2098
37712
34241
29614
27923
24913
18494
33922
23837
22113
42272
1407
8593
14924
48020
32705
41455
12514
47500
680
15352
21850
13895
21613
1198
36508
36296
43051
43870
49070
38012
12320
36782
38606
41934
14705
13519
10429
14979
37356
48894
7252
38764
23839
38528
3136
22896
46335
32002
20396
47015
47354
8598
10910
18968
9797
13770
21616
2848
23992
37038
7212
36313
40172
45818
28247
21230
25690
5028
36209
13046
20274
9813
18162
10465
48341
37651
33361
44676
19653
20110
41691
33360
28708
18953
18680
38505
49076
40296
7705
23068
43687
14918
25733
33859
27088
20333
21441
2778
25361
7651
32177
11988
17464
16691
22453
32158
4342
22167
26834
40348
42277
34878
23708
20985
20183
8740
25843
19259
15388
49900
8680
9075
31170
34413
9287
8259
4746
30728
27389
46460
38379
9566
8448
22196
42610
47253
4354
46952
19420
47540
3652
11697
48770
27360
49035
18954
2452
24878
38213
17841
24778
46893
26916
22301
47659
36203
30560
2405
16932
24301
15217
21663
220
23665
10211
42830
20919
14565
39782
6691
28458
9787
18389
27228
3499
17424
46182
5952
8654
748
23793
49784
13993
709
22085
11652
3265
18997
30410
36549
43299
45627
8212
43519
35645
18424
36349
22916
49341
42483
29607
44151
2270
47996
21380
5770
31772
33914
28074
40426
1014
1867
6563
15008
18928
28648
43012
22193
47646
39774
8742
7297
1754
16955
816
3751
1731
3517
26667
17424
12352
22626
11576
14623
36975
49308
36745
18747
33222
14819
25526
589
33038
32089
15597
1966
27089
24961
24160
41087
31088
49254
48384
32842
32561
15552
2945
34292
19069
29612
18069
31422
18590
29645
12397
5565
28953
15494
40665
28527
46665
16191
29116
29703
14632
11065
48021
8073
2379
38533
49161
33467
37788
13897
32661
20349
29450
35606
20994
14871
15218
39063
46293
33808
18708
25042
5726
14013
6888
46391
42540
3553
28934
38009
49608
43566
49074
47630
17991
17805
36163
17152
1272
40303
47402
33933
10653
26852
19539
31647
41723
1109
20710
4369
1270
5770
45763
6996
19783
2652
19739
28675
6205
48673
16684
22166
8591
32111
36148
26582
49916
22311
10087
17541
12615
7489
17826
39620
693
37366
21267
42416
4827
8329
13137
22449
14099
8901
45797
33882
11553
15536
28909
34110
30561
11946
6276
39152
44057
42424
32087
10325
31088
42174
44218
10055
16015
12045
16027
16708
15763
37294
25476
20590
11975
38614
43040
26074
13867
5189
26308
41772
20726
5217
42234
17639
33515
48511
6792
27572
7287
5231
4250
4727
47405
48468
31134
29772
26865
47161
46480
42628
807
21956
29571
12782
26922
38963
5208
40789
44152
47868
48913
31230
19438
41148
48870
2953
6011
22014
46878
29650
27245
17480
34378
41002
32300
31864
20774
9166
29026
17254
1794
46185
5562
31365
25320
32485
20328
46880
39626
14481
44749
38540
12063
30539
29688
10933
33492
2051
32947
46722
31701
10192
14202
16079
1194
46503
14296
38320
5669
9674
5574
7463
5859
27489
5181
47531
26326
41861
44412
32304
22694
5513
37196
34758
36052
33236
45691
35896
35287
44991
32619
16989
21535
46821
49420
39082
43324
13716
27402
15345
23390
49329
22809
45602
26818
44342
9485
19496
36203
3897
1800
8898
25762
38997
10008
28166
22233
22051
14063
7521
17042
13034
24510
38578
26207
23930
27660
19532
3999
21414
34877
43741
20743
24038
39343
13913
34732
15181
33409
37288
35430
35210
12538
11193
24207
22546
5711
12792
44597
36126
20313
11640
49160
11175
16570
25368
1458
10582
11252
5457
31996
12481
49198
19092
2872
4894
33005
37604
20075
16415
24892
5505
17977
37430
33050
8536
26328
38762
21328
20926
24888
7994
48918
24049
19169
31840
15769
20627
42422
43373
42436
40770
5854
41635
9862
25078
46529
42868
12683
32956
25635
3927
38461
43612
7710
21512
18500
34038
10274
6180
21316
1514
14174
36586
25563
33344
18426
7684
20323
10848
1057
12760
1619
23264
20747
11481
48342
33628
20701
27377
16584
46336
47657
21397
6300
21719
9261
41152
22109
19535
47333
43426
37402
11507
30012
29317
11203
14791
37002
47879
25639
4411
10639
43610
27675
47738
21444
42370
31366
42145
19747
47950
4834
17404
19347
27486
39123
28609
18639
27585
14496
32324
21011
1898
43831
17375
31216
21387
32166
34570
19266
24158
38981
46257
17768
33009
43995
39212
25379
25361
47710
45126
39663
18896
28883
25362
12734
34358
3971
47725
11943
34820
30049
49306
3070
23881
16682
638
11620
15200
1560
30886
39358
40542
43495
23479
23551
37490
29043
48930
29203
26753
10408
18866
12001
39291
44228
24736
23650
14552
22461
1945
15724
2511
1252
35146
42744
17934
2137
4364
49486
3697
1602
38845
10591
45097
12324
34142
48939
41367
49424
28142
34473
9833
13360
46474
15476
23940
37562
5478
4844
26376
7424
36920
45239
8676
22067
37983
42962
40556
8699
42448
44253
26653
31293
4845
38102
9969
5339
37041
17689
21116
31535
2162
47301
44895
14988
12777
35187
18903
34608
40032
45279
42032
43304
6870
17060
31723
11205
10022
22279
19904
18822
16533
12909
16468
37730
1011
26437
9421
38052
10478
30537
19587
28992
44190
30834
10333
6968
32373
29236
7928
38757
40867
49960
32062
47737
33372
13785
25294
9746
36065
11550
28568
18950
24459
45036
23032
25470
37826
32453
29874
48304
29343
15813
27297
23533
12999
3982
46853
45372
33218
4781
34130
40437
21093
32544
4526
4465
12681
29820
14211
15098
41370
42780
34048
32181
4168
7080
7651
41994
5886
3877
6651
35229
19690
300
8762
32689
4282
5616
44413
3852
10397
44895
10641
31491
27439
15167
2308
40121
11339
16520
5219
19061
25652
5620
1242
29820
29052
8893
38167
34938
29122
11170
20167
48812
11470
28930
47853
32104
898
42266
2308
11295
37162
12949
9138
30953
44468
11447
37426
22159
27967
42646
41220
19971
14618
42462
49791
43670
17707
4310
44961
46829
15480
15128
11993
43302
10410
9846
25406
27660
2112
44066
38956
5626
7015
48094
36580
17835
25893
24006
39994
3860
33004
31214
23831
47622
40028
39975
7645
24087
44285
2606
20916
26118
34086
49261
19420
10849
9107
11179
38509
27572
5245
43817
33198
28613
8264
19778
46448
34157
43785
36443
4370
43141
34009
44553
7116
24038
34528
14761
48125
45166
33719
35394
37636
34157
34655
7056
11358
10115
34587
16220
37687
39833
10037
20885
18446
34653
7016
31246
18811
17153
17689
39533
10294
1699
34086
17410
42089
34967
48523
6566
46485
32242
8312
34121
32752
9320
7529
44110
19435
8469
26682
7122
14654
3072
44359
49452
37725
1375
30698
22888
34880
48388
12421
45175
16439
12860
28937
24880
14179
27461
31446
10664
26055
6111
11137
8807
15431
35018
19270
34866
43487
45952
8340
24493
49024
19051
23945
3102
36779
4644
25990
21659
19384
4764
33186
2175
17624
12124
27055
31803
5937
24853
8819
31992
30964
36308
7152
12747
21326
42774
47613
31166
38726
22305
5659
4103
7709
29605
23557
44488
601
49547
16147
19985
4311
15686
38512
38287
27810
15567
20090
99
6772
45261
32091
4089
31569
5595
16836
2896
48369
30802
414
3448
3107
22425
23903
10816
18382
47460
21656
18983
47007
37804
5320
17671
19842
43832
5958
47652
25751
42401
14103
32524
37662
46194
36613
35584
1790
19801
4832
16511
603
5246
19959
3711
27671
43862
30879
46054
41322
2536
31389
4682
6692
3062
22353
26534
46894
44663
40538
22646
3416
4641
21522
41079
17187
24487
26663
35329
44288
47847
1841
44892
3093
38152
14955
47116
32015
12186
9522
39689
31074
40912
10723
4118
43974
33076
47004
7220
44092
37542
46218
47508
8535
17740
4939
42075
8579
47954
43756
19220
45801
11949
30464
48894
102
45419
12363
48469
23957
21885
4510
5032
29149
15234
9150
39475
14662
6155
13048
8754
10049
9266
6263
34937
43359
27554
43364
1938
25509
37120
37510
21310
49070
17974
36557
15524
29745
48920
13993
3703
37157
18503
25087
16307
33737
34237
22134
48400
6744
35182
23506
33146
44449
29769
34435
4160
23676
27799
22450
49185
14919
9961
36847
30341
27935
23404
45865
7681
38676
26210
27736
25834
44714
2823
8493
44803
3412
46979
9555
10157
32162
33062
9655
42963
29183
44090
13475
2859
21889
35925
18396
3160
12238
5244
33502
40174
28648
45719
14207
33677
21930
41943
9511
16644
44766
34356
27799
48178
31335
37355
24687
29849
20417
34342
39164
15952
28432
2639
18812
16673
38565
37208
19834
803
8804
3336
7329
37453
49055
21536
37482
20985
29831
13345
3981
24597
47701
48133
39128
45388
35488
13815
25238
22257
14510
14402
38209
9294
33394
23373
25968
38311
26934
45802
39114
35738
15490
12796
39543
30897
684
43377
18235
30516
6722
38568
21465
4423
36701
10593
16164
22189
40761
41402
10798
21623
22156
15360
30917
21902
5085
23237
10213
48371
35391
15680
34110
881
28476
40005
48131
29160
49735
16366
26028
6457
4934
47494
10881
7988
24439
43397
46529
31552
1151
7328
3175
39659
22688
445
11562
27773
23682
21775
26145
9074
37455
26607
26307
32283
32964
24438
27796
32699
7156
3824
5509
28443
1318
32742
36431
42110
26139
32960
23662
27290
6640
43190
16949
29328
43635
28511
23454
33669
16639
15951
42743
4094
8910
35403
36378
8226
26193
30526
7278
33350
34350
12787
11793
2021
45529
14576
44131
38020
13888
34145
15310
20529
27335
32259
16209
37322
27123
6015
20992
43762
38318
30087
47856
47228
31842
586
21807
8036
31112
45437
41386
31815
8224
19531
33836
20105
34107
44319
8125
14347
28464
39787
34876
22152
22046
1086
25826
49169
23453
13170
9283
11772
43258
7140
25352
41452
24078
47159
49488
21543
8948
40874
19710
33524
26757
3546
3629
10864
14217
28106
25212
42681
17893
26440
31185
6292
43878
7012
21813
17332
20182
31097
29104
29792
4589
4456
21245
45019
17968
20733
16562
26916
27960
36272
26793
4717
6170
46774
31934
20387
24881
23498
29421
9126
16290
26958
31770
10169
322
3584
27501
20505
1033
22957
16649
5622
43765
4246
641
28085
41332
33556
21354
35644
36180
48147
6713
42351
44921
4999
29090
36154
44849
8511
45281
11140
35470
43403
37661
2144
46987
15162
39001
48020
4471
5651
19994
48236
26249
20636
26322
17581
4192
47676
19577
40372
12175
26291
49075
7096
31290
28166
43251
26140
3029
4884
3632
4851
48287
41293
6996
11627
22807
45997
9647
27278
18000
45994
41866
44250
16630
34540
28183
37174
48568
47761
43898
10743
40404
42974
17840
38046
37492
27443
30538
40521
32327
34170
45373
46966
25463
18721
8593
14622
14718
34593
8252
32719
30587
119
26969
13569
34659
21504
743
49580
19265
44641
10323
26021
3967
44515
14068
41459
21958
44606
48333
20637
28777
10058
17604
20592
28779
26197
1567
43497
10790
9819
42568
41377
9938
19537
21298
10950
41042
22041
10530
26659
33035
37205
2681
3354
31721
16749
11166
3679
27707
9499
24317
6484
35909
41921
43429
14688
34470
44996
24537
45261
4815
17106
2990
31106
2995
24289
8408
10389
12682
18938
3401
12069
22495
6082
15424
4216
39183
26590
24248
16890
2441
14917
39727
38350
6838
49508
19390
7660
44504
43927
19273
15671
11033
38616
13129
30381
12905
21537
40770
41939
6827
44171
4009
29323
16605
19433
33539
22140
12375
24139
39031
14816
39056
45110
19518
12246
44618
38908
19907
39122
32835
39180
21145
10221
27796
34275
40602
7053
5812
47724
15345
28992
8248
19354
8315
24853
5139
8206
46994
33866
32346
2377
48682
37754
47487
18200
1
42105
7108
19908
47579
6295
25440
18724
16516
3237
19351
23470
26642
41516
37547
41987
20508
45795
27693
45175
37000
32832
19733
346
16698
18431
2723
31732
6186
210
16284
6187
8667
39744
42447
22598
46040
17887
7675
28908
37476
27026
18731
30471
18542
6278
22458
5402
18425
152
16929
5425
49336
36663
22124
32387
5094
24847
30471
11280
41410
46756
33819
77
2852
26266
22676
48892
10506
30351
44153
14334
23729
29236
44805
8624
1866
17264
30378
20291
33768
47308
42068
49456
33971
14192
31843
5417
5392
12315
16698
46802
25423
16869
13231
28275
9488
35907
43520
19994
32610
4025
34328
22692
33261
29134
31316
35127
12750
28046
5418
46518
25354
13838
12326
25677
44383
44170
31095
49775
22837
14145
46577
14612
31014
9808
42887
40502
12068
2759
26848
11030
6784
11177
33722
40045
6663
31390
25172
19413
9437
46942
32283
34791
10781
44609
26821
5164
5131
7916
4939
44320
22061
17868
8932
19427
27676
18172
9930
39744
20931
36778
17127
27716
14307
849
34113
20970
48592
9286
6735
24381
22580
5370
25524
33361
16332
2345
4877
21463
10261
9816
15784
48674
27684
41068
18102
21713
9240
44384
27809
30172
47514
44936
24240
11822
12138
8353
49144
27082
33991
5880
1463
6572
11250
26987
6285
27582
29333
11163
15398
5946
37331
47534
4621
31368
38602
39075
3081
47843
33459
47242
44367
30973
42179
34959
42795
20669
9664
41940
47751
43656
14172
49214
16580
41774
26201
22865
35709
21886
380
1107
27833
37712
48641
48806
35432
3595
37881
4865
1438
21340
2107
12157
18665
10638
47116
27813
31307
6781
19753
29058
437
277
44624
33369
42051
20826
22586
27760
9064
22967
45219
36897
27031
10212
2055
12463
13808
39936
17328
31598
27628
19435
43756
46294
30074
40872
24107
27733
47653
10212
6792
14442
10489
17768
47811
18892
4946
20398
13005
14011
43365
24576
17260
36748
34789
19316
49211
48597
9252
32891
30195
3233
18678
40303
49527
15104
31176
23634
42838
28829
33846
15982
43272
10687
33750
41083
45931
38697
27833
8936
19060
37550
33513
36320
24298
34654
21988
39861
49603
47593
22752
29798
826
7783
36454
353
22887
17630
40339
32077
46459
40537
14411
6083
1224
14514
13519
47155
3211
41352
22444
38623
45255
22309
24943
19553
6963
13284
9415
6566
10877
48519
2716
11703
22654
39170
28408
45542
6800
18747
43971
19612
9284
8383
25695
10508
22897
5566
24015
42460
46919
12811
31083
42174
35120
22378
28079
8435
35662
3846
15001
12891
18718
17718
24594
41372
23240
3002
3266
46393
21749
47238
16005
47385
21973
8052
7893
11222
13619
48261
20034
26890
11072
17469
35416
12545
6199
29847
20980
41862
33694
2334
21105
18764
36404
45700
10136
9644
15054
13403
6037
3156
26993
38394
541
15318
46447
24787
26540
26418
39400
12926
19660
472
30395
5076
29369
36594
1275
16702
44808
1321
19036
15914
20085
5440
27966
30222
31436
9372
9977
3826
12528
3322
42220
13070
34992
5019
4209
27884
31437
43609
40810
17449
10433
21205
38877
39803
24151
40153
6505
18960
41474
41893
1226
11560
47333
29192
8134
45121
38564
34463
48947
1093
37785
41168
30515
22777
46187
1076
661
43977
44685
7823
27778
5118
29028
16656
11273
3179
6809
17778
38491
14635
26023
39717
42547
23356
18909
681
18478
23826
35144
17425
41271
39281
24945
38138
12058
37485
39214
29071
31462
33899
36894
25592
39017
32274
42248
291
1806
15409
34421
40297
46397
10445
30015
38944
153
15276
39626
34983
5454
41122
18761
46725
30404
10058
34863
8814
47543
40429
4238
45357
24328
7484
20950
29698
39759
13198
46341
7917
44960
47114
48214
41357
23911
44581
30301
24065
26210
36279
25400
31664
43754
10513
44742
24158
20572
45957
49324
34467
36387
19914
29825
10715
27399
775
40413
33510
30325
3106
41427
25285
221
5993
16642
24132
16927
13296
14549
43137
49575
39950
24801
43329
16815
35895
33839
3739
31853
49516
38207
18240
19430
18032
28955
13181
35159
35721
13043
15484
38827
20822
7122
39048
26816
40116
13181
43743
3412
27730
3232
19340
34032
28033
29021
17200
30281
12861
20939
12134
28729
25498
30374
48159
9882
9329
27693
45041
11402
40736
26878
230
27911
352
5630
4727
40468
18811
14822
10233
12894
18054
29573
13278
12439
8594
46830
42720
37807
34122
4854
16536
9620
35228
31048
19503
10910
8741
30896
22312
15829
24126
38894
43740
24478
44525
14819
31299
29688
29641
7884
8934
14047
3809
38565
26487
12403
35395
35559
16563
19517
40414
49451
29138
41994
30499
14993
19256
5592
12241
7921
37774
36368
13167
31514
27198
7692
12686
24849
3733
8679
32733
29019
22727
36542
17584
15566
15298
2980
17477
48213
38849
7891
47664
34339
16238
28164
49332
1846
33756
11574
9767
21530
14294
22935
19397
7844
46979
48435
32694
17064
7114
31779
46084
46193
34674
30020
28111
49972
33000
45589
14537
38202
19832
12201
22541
36070
40365
21874
37917
40474
49800
14036
28356
30446
36971
14105
38290
303
12540
37336
17367
19655
35468
29803
32200
20142
9824
10312
36466
9176
5901
1003
47378
25733
13204
19920
28156
19922
8146
16073
26748
24298
46461
21456
4744
49785
35562
9386
88
48102
13075
33807
34109
48543
13611
32662
18685
23435
42974
21503
32611
48875
22506
29990
40960
2062
16262
19116
21984
24408
1541
15084
48706
48003
36541
19802
47788
38455
45540
14228
2909
8615
48035
3371
7158
11646
36033
42195
1433
29007
13698
397
44234
2556
30387
1546
4619
13001
20663
42955
37409
38556
24392
2467
2911
10933
38621
699
49388
34161
31279
18649
42777
29315
22020
16287
7313
8053
24835
8747
3412
4885
25496
13998
7442
5883
15545
28413
35236
2560
21368
22645
41116
45760
41464
44028
23045
30085
11079
38785
14246
42359
7435
23375
38026
29455
39663
45339
3861
30850
20438
7273
35735
45934
21272
43177
18169
36817
21590
3405
39377
9311
42402
46845
21423
33866
40873
44469
30303
1953
33254
44550
10664
7041
17925
48690
2849
23940
10381
6710
4790
47172
13983
6878
43106
1607
55
27628
4776
37998
47385
44153
13661
39788
7351
35084
40006
48224
45905
20310
16529
45512
31212
43545
2553
15489
42235
5402
39430
18969
28464
10572
16141
8800
17450
25599
10407
33858
3227
15184
38208
16965
25689
18221
23105
33040
3305
29463
47617
49211
16125
14146
11075
47337
7692
13628
29179
16279
35383
34961
35248
13847
45533
17741
22647
29336
43341
49407
29546
12920
14591
34106
29885
6632
2327
2990
39673
5632
48806
37290
21195
14931
17788
32270
12269
41832
12251
41448
24464
13986
42761
26064
27833
38294
43806
16833
33982
3499
16240
29880
16419
47183
13986
12657
3815
16313
15647
43488
38298
14453
47130
25845
45737
31271
24468
8006
23103
36719
15806
47567
705
8567
39984
44890
13213
33790
11723
13548
37289
44315
43428
20060
41498
7415
32717
11666
40080
14717
21506
28378
45522
18637
4224
41259
49908
45044
49265
39363
31763
31423
3283
48820
6342
43267
43710
35908
43409
21786
49456
47050
32453
9236
17110
40304
16651
49828
1970
6732
14545
23476
1462
10067
8465
22038
1327
24725
17082
16944
14089
15197
14720
33724
14017
21062
43343
24080
23322
36752
12218
22778
33802
44671
48367
912
1327
15018
17092
3297
38102
31637
43126
5917
8057
17943
27955
9384
42669
11390
42680
23110
26587
7400
23186
40605
28463
16529
31037
18137
3281
43255
7268
3435
4278
5635
20699
5606
37005
37792
25255
41460
35781
18381
47377
43838
36325
41684
19574
45346
3074
12255
18456
29662
19655
7994
36619
14470
24523
17656
32608
44156
27263
39876
47591
31541
45511
18290
3499
48868
22434
28755
40328
24568
13488
37705
18406
49813
29390
37981
11511
32464
236
46319
28478
19891
4313
15097
714
28836
49105
33322
22992
26368
39550
36935
24262
1413
21578
27761
281
44012
22868
40610
18580
36357
44667
3339
2522
40409
41320
14034
22874
7908
10353
17704
44151
14667
32802
44865
9855
31907
44539
32848
24628
34089
36135
15242
35502
7713
9355
2136
18078
32224
42746
36658
34933
3765
6349
37455
44175
14021
1489
33401
21929
28195
1105
32433
9214
33907
27298
19069
32167
38190
18269
23147
22279
4405
38389
24134
12118
14096
26270
30196
46320
19016
33207
31253
39133
5908
18709
33308
19930
36550
16709
8211
31097
17815
40644
40311
18074
34295
9381
16593
22485
44002
6092
11116
14759
44481
35250
26878
8578
11520
23426
21250
46888
22985
18856
36022
28894
3917
19330
48824
40467
2392
7035
21565
36559
14032
28228
4633
14679
3961
37579
37164
47964
43671
14632
12723
4505
49883
5953
29435
11403
45732
685
24644
18717
19541
10666
13963
39810
46348
29139
46630
48740
2527
34547
35299
16559
12775
6285
31238
16737
10216
34754
31053
3887
49386
43776
24744
15621
16082
4179
43377
11814
21217
18021
46883
7110
45039
27199
46921
41387
6338
43551
6480
8865
28098
8131
25424
40873
30768
23014
23962
40984
24120
5015
11224
39859
15144
35968
5480
47578
40148
48857
25744
11365
33230
22627
18475
28269
49826
15396
36009
22517
25299
8841
31382
3397
16972
23159
10623
14093
46173
34585
21429
20294
5953
32653
26505
21097
18622
31985
18675
25122
47195
44419
2839
30425
33398
21314
25047
49577
3063
11056
22094
44714
19897
3476
48112
3221
26635
25087
33666
39161
9672
5096
25807
15625
37749
2312
3074
22723
34297
21749
14197
31492
32520
17036
28270
32271
4703
3317
31848
24118
30725
3942
18832
16974
23770
33296
20195
16758
8383
20214
5919
34408
25310
31726
16385
29411
34038
19460
2135
34687
7561
16332
32532
6434
49721
10802
38705
4424
30471
20553
44894
11196
40847
13726
28170
30969
13375
14717
47727
38110
34931
3646
22518
26593
35372
5256
6005
35762
41068
24492
20450
14981
7176
19334
21415
6897
30136
26472
27673
26959
13377
22567
4507
20576
36294
49029
1546
16021
13746
49273
4131
15030
2920
43002
41623
4644
48258
13980
40407
5678
38472
27209
20659
45649
46543
8427
2546
43031
34899
30220
36342
14629
19139
40849
35205
21785
39878
36751
37806
19976
36025
41938
1358
5297
1292
9334
26293
49550
23314
16700
5228
28139
10261
42239
23788
23156
666
42686
16187
1918
39258
2529
16547
8398
9730
1752
30183
49608
4856
17990
35937
7233
26280
37295
12530
27572
12981
38823
43474
36296
21876
15054
14435
48489
7293
4575
21646
24312
13613
4185
42582
2872
23067
9129
27622
32797
27233
7805
48758
48441
42147
34695
5674
34779
38342
34556
28703
1324
23380
22177
3972
11608
37231
34759
10097
10877
5686
48095
1541
19299
2281
44123
38523
25348
3252
16145
8145
46837
40303
23255
45279
48802
7950
953
33582
12645
35510
12285
30321
25242
815
645
3202
4398
1756
13299
15275
7442
27747
16816
43093
30028
10939
31617
5376
30543
47762
29873
27381
38065
3129
22660
36868
27431
39965
36802
6428
25475
15439
36749
17069
16254
3746
20271
20653
5502
49923
35928
29296
27670
19097
22390
24050
46388
20359
29426
26932
18121
25651
4313
22539
28780
43325
25759
6212
49642
28913
12640
41470
44352
15742
8539
10607
35840
45163
47612
7695
45086
33540
36991
39108
18989
25733
13158
15378
12444
8936
42310
30566
34587
12975
19457
13368
22652
11568
35932
22294
40481
14924
13764
34833
47018
22304
11792
32859
17467
9404
40554
28905
9297
43897
34365
44638
35983
47523
10016
48427
6459
18678
45345
41046
31653
31154
20766
4305
42722
6698
26600
49555
37975
40364
741
34993
29020
12533
34204
12839
38290
24758
8096
13939
35008
42461
8577
37343
39984
18594
2122
12795
3624
47468
20194
35278
28622
40960
5935
37697
14011
48887
37252
1986
39252
37993
3331
34624
16879
37536
13816
21521
28646
21912
35460
30006
14374
44037
17349
20710
28983
19472
33506
32608
33292
3700
34238
11914
11012
40173
15963
41375
39061
3216
9713
44665
7561
13045
45641
24440
16933
9457
45961
45579
31370
47773
41938
45744
41811
9287
16454
37146
45111
16312
36106
28403
36364
36696
6670
47377
26870
38985
5104
32283
42201
14818
43300
49763
44215
38941
40555
11148
48399
36517
23079
46121
34290
15017
41865
42453
40657
24671
45952
2120
40984
48410
46876
27348
35107
19898
41077
28329
8883
46182
10612
1085
27352
20264
17200
21567
9205
7755
49067
23956
10624
38498
36429
11267
19868
44646
20072
10525
19318
16024
28997
26654
14435
25873
20354
15894
45771
11432
44223
4655
23966
21187
22092
17670
41451
5644
5589
17008
13399
4656
7317
40376
9506
43746
1643
29374
38393
38067
6251
24063
4092
35249
717
34879
27474
37423
773
39598
15207
44996
44253
39173
32535
32697
23195
23986
38341
28784
7346
18092
49792
14663
24820
9299
24762
26463
38673
13155
30883
11277
3570
34975
12878
4287
36206
40352
8062
36979
29950
23270
48327
40555
28795
30862
39604
1991
21200
44297
30775
28546
12390
30568
9562
37210
39867
34324
30026
44892
13831
10909
22521
17401
12236
35399
38040
48442
42104
46102
1773
38406
19372
100
45314
48168
47314
34918
159
18514
29216
47286
13412
7958
27854
22974
45168
34073
7298
41546
45318
37481
18807
34191
4882
31043
19591
42922
45837
28047
5377
13962
16453
24749
30414
11767
39269
27728
13038
5780
12594
42254
3067
26007
212
30921
15333
11732
31347
38984
19631
43017
26465
38438
27208
31348
35834
13151
40622
48023
41198
45999
11986
24004
37101
42400
35771
26370
20129
48809
32151
49075
7415
35218
41434
23979
32491
6768
35712
30190
45752
21695
23207
38569
10133
416
19917
12319
13567
26892
10343
21118
22891
22329
45122
26344
14729
47245
2715
1210
12407
1218
286
36174
36436
8072
10154
35279
14840
12218
15470
26944
33913
38677
15514
44046
5445
1783
6366
35365
28675
33061
6483
17919
5390
17957
44263
36471
31554
13330
37682
43961
14548
4320
30136
17336
12392
40290
2616
43585
18860
34438
36881
2773
39467
18747
46819
44913
20531
19537
46630
15558
2598
19465
49829
24340
37422
44093
10812
18976
23775
48494
29290
38324
19166
9426
22012
31558
16068
24628
41495
34928
25418
28377
4053
14886
47124
17224
26151
34007
36762
22781
49566
5712
42246
49395
30053
46020
9840
40865
14996
33616
5711
10638
38292
24877
36416
10304
22787
18836
1285
14283
20116
26703
9012
24169
41589
6136
41394
17740
6496
44508
40521
6062
220
49119
21809
46625
45139
31650
3842
26488
31618
9553
37126
19910
782
39895
46566
23570
8731
47851
4205
28848
24555
13217
3017
32496
35705
10763
237
42201
5271
7110
14615
21844
22582
36425
18469
17721
34427
22312
10561
32397
48217
14040
18659
49000
3935
15225
22570
12666
13077
43127
7866
3984
6344
27236
36480
8401
37999
3069
603
43271
26532
31570
31467
49114
34347
49936
33187
35126
38600
43749
17523
36818
7789
36182
35818
11724
17760
24740
40742
30837
17867
48609
1173
40563
42197
37653
48964
30196
7075
15919
39819
33607
47490
21286
32721
48189
37575
32260
33316
26175
26009
839
12993
33798
3374
48811
11874
21134
39903
2617
1971
7770
17578
19496
48333
9775
23501
47298
6323
30576
29569
46143
30535
43411
33781
29608
41601
21356
11869
24917
47532
37878
25756
10525
38029
45482
25689
49903
16616
15592
18872
34939
39715
36450
4435
38048
12577
27937
1698
18901
24865
31268
31396
5401
41031
15177
35009
32632
36534
46878
7549
418
34757
49658
27295
22786
45140
2984
39041
28109
34929
7914
13048
24644
10716
17484
12692
39646
11773
30743
24899
36638
28363
6295
42039
19394
37824
43401
2027
40710
40279
25928
41128
41388
25586
18424
30526
37079
37760
19568
31540
22689
43834
44588
47333
20902
28424
26378
10548
40197
7121
35447
43188
35484
8094
35227
4878
45919
44980
23257
2981
35260
49186
44110
26648
41124
28886
23527
44555
16646
43095
26095
5688
3281
20684
3021
24183
15460
45751
1084
5658
19224
36531
15198
4708
10978
425
25939
23249
11758
15548
26230
47018
14734
36692
40018
5859
31930
13545
16766
48577
22992
42862
4265
42625
29898
23638
16809
45358
35742
17893
17368
4966
20776
32566
26027
48106
49344
1966
21355
11102
17514
13938
8120
48601
16982
14490
20812
48913
28036
37578
47490
17380
46792
18107
10006
26690
8097
43167
22049
43839
27412
39417
48806
14540
38336
24833
12647
37680
43151
354
48782
27017
14292
23254
41970
31275
37744
12782
30188
32132
361
44030
49513
13505
28489
25871
40196
36586
35390
28597
46778
12802
18014
45584
43694
6350
36769
6341
10382
46272
23048
9164
39641
37340
32418
31612
34967
36515
44394
31507
18647
11107
41889
34512
24613
20378
10383
31161
23317
12125
9758
20095
41279
44124
32031
34974
16827
18800
41315
27209
31424
30715
36374
21065
18056
35144
19029
19375
21659
29776
17235
6659
7235
9124
41171
48200
29503
17907
29361
19172
30032
39119
39267
21312
33244
21298
6286
16423
6450
13953
43632
37874
44669
46358
25291
29077
47855
44321
14804
19514
40449
48391
42525
47684
7516
33697
45885
3371
1604
25246
22543
47988
30718
11810
35652
30314
49460
8290
46737
5910
22244
40369
43784
33265
3080
35427
28694
935
46100
9850
36801
36549
8242
29327
34234
32110
13024
46471
35481
30980
21717
24376
28968
18787
2538
30973
49101
1998
39263
12190
7908
27859
18912
18044
11124
21992
3471
6170
22927
15924
32373
26080
2473
40615
5407
3059
22725
34783
49530
24558
15763
37600
48934
11084
22739
1472
42057
21841
3470
31320
383
11378
9180
19295
45774
36656
41287
49245
9179
30566
31521
41552
6647
33995
32167
12054
3406
21244
46838
19289
45802
28953
23241
11088
40037
45980
12560
48446
34173
16030
46119
34557
43760
5299
3852
39534
8307
11492
5131
17486
42058
3005
25390
15057
3352
23909
27112
6758
45153
40302
42399
7307
35607
15640
18395
41997
27973
30955
40443
28498
13337
36562
13055
23449
8213
33260
29335
16521
11104
819
359
3162
3824
25750
34572
7176
49659
11684
30286
11165
18338
22686
18472
3945
4678
36868
45942
32651
34175
2738
11150
13865
5652
40557
37314
13866
40169
16650
46739
1273
33821
47098
20788
37645
22848
5360
11173
38860
33396
41459
25
1734
14145
18497
22031
18824
21717
34326
17827
5893
3416
28977
19758
9068
35887
23424
22934
26056
6426
36025
27330
40247
33124
48118
44244
22324
19830
5417
27536
3226
46877
27561
21312
27374
12411
43343
12550
34128
44021
46730
6373
47437
25707
26131
22858
11594
15908
12144
4003
22334
48170
31333
12582
31294
45803
6826
19970
15633
28596
47507
18859
41825
25068
40171
19199
3831
49866
48102
37960
10240
44832
10685
24029
36891
3169
46887
14838
19077
9032
18841
41411
7202
174
20345
4848
12329
43524
24818
27962
22120
22325
13173
13945
13746
3344
49496
33929
19562
13950
21889
46154
8782
48927
20184
45674
2096
17071
26864
21173
26103
45705
28936
49657
12231
49282
4505
24560
9158
29324
2522
31278
18001
15695
11575
48099
35391
27423
32029
21305
41374
20270
17460
16508
19197
37644
28534
21293
21067
5398
8818
13523
1103
37755
13180
13334
3389
17686
37894
12547
13362
6768
43825
31363
22463
21752
29463
24206
15527
11492
45512
6901
48114
29324
23410
17312
16968
18296
4957
4387
23695
13776
17910
41150
17883
31091
4485
21272
48777
8731
33819
12139
15500
43996
9854
4315
32100
39317
44874
47627
17161
6738
4529
31628
36062
44291
48940
19382
12587
20249
23769
36282
34025
41680
27433
1908
22771
48270
39532
37900
23353
23351
16391
5205
33699
26245
25873
15799
31915
20747
13427
15428
27485
17956
47056
13547
28599
12348
32929
7538
32598
23050
43821
16623
14730
37606
34884
3853
2228
40768
8105
41933
14120
40848
47139
47819
17094
23012
13619
15361
43759
43398
30789
37596
27706
44198
17495
6305
6546
424
13843
39144
39826
24016
22120
20909
27974
23356
41114
46554
14124
49220
38488
44596
6420
35627
8768
39866
24991
22387
5227
35102
32137
2369
22698
9843
46567
40193
32500
3113
6969
46343
8610
46795
36712
47082
34056
14686
20438
25171
27593
34562
40743
16081
45511
47163
18060
4279
37030
43051
43018
8609
28153
25155
10978
851
34998
7545
7396
17498
27011
14365
30193
1973
27512
16905
49055
11569
47944
19493
36740
25537
20407
43835
7970
15918
40998
26030
20197
44380
19081
29567
2990
13586
4722
13968
30789
6072
37866
38185
39922
31229
18902
20116
33202
46414
3373
32257
24335
17669
18102
11075
43206
4861
21262
17528
20780
28613
43558
7329
22993
28991
36897
42335
42577
7971
6304
23366
14044
10522
11551
3966
8103
46805
40434
41305
43220
10160
39914
17555
27829
24368
44983
37388
29229
16245
4916
16361
44858
48475
40043
34204
27466
43292
26539
36396
1263
49195
9762
31659
26069
37666
1978
34172
34471
8764
41829
44043
18924
48095
11599
46754
22463
22934
494
1693
5531
5410
18054
16742
20237
24449
946
14056
17741
43837
452
35357
43033
10214
17016
35454
14232
35346
19627
48704
44111
11456
42747
13035
9552
20698
26141
48367
43632
26635
60
49164
32046
34467
15906
2283
8916
33204
32691
43010
27041
33143
28367
36426
9710
45383
21881
23942
30730
41508
38998
41193
19316
31746
4228
45220
18796
30370
9940
12429
23357
10000
27945
5403
10819
10203
24039
36088
43407
6730
45450
20448
6226
23817
6875
15936
35552
45108
39878
32634
36616
28877
23827
22284
26975
44408
33857
45771
41130
43797
24552
14487
20149
2497
36243
47321
12700
26634
33409
22459
49716
45211
42908
5942
19028
16135
21878
4580
11243
11757
3567
14211
6986
27394
2847
33961
21802
3056
29732
29284
46853
20637
43772
33355
23134
30015
30676
2187
6649
30437
24646
6365
25648
33906
28660
11028
16393
538
31960
43988
28647
35527
24551
35633
29274
27399
35946
17428
46807
15679
46713
10013
2668
40485
43368
25802
36852
40396
44341
9853
20833
35340
32570
12833
35598
11230
23861
1992
11769
22173
12332
40416
7701
36884
42402
36975
30635
28348
20755
27442
10379
17468
37455
13047
24305
47175
5202
11157
37571
49543
21010
24756
1235
3581
3941
36834
14811
44154
5178
42932
16328
17510
49701
24029
4394
42103
27356
1381
36803
14463
28824
47183
31932
32631
26582
6237
29807
31784
33747
33730
47680
4757
24839
48915
24690
28780
2101
5854
22935
7279
15138
39263
24790
14839
29644
45536
23294
23352
46918
26450
37815
42094
23633
36099
24725
16567
8689
20884
48352
42436
4615
12384
13545
29454
27651
4588
24586
29753
10442
47521
3384
41932
3136
44526
6772
49132
40063
46418
38836
36981
22868
43004
45427
12853
29103
20152
29421
37792
7389
44125
30228
28356
6509
10126
24162
512
14714
48748
30265
25156
12622
33650
17088
15758
28176
40212
31243
34591
2983
20079
37924
42203
13083
33351
5057
8539
19856
830
46331
27245
11307
42912
21953
34168
3038
46115
34680
17752
44863
14946
9260
7485
14948
42700
39596
9476
49265
37191
10420
2248
23622
48344
44451
3058
48048
49508
11597
17904
16690
24280
11501
27997
17192
33454
12165
36582
29569
46846
20686
40784
28144
29946
14622
9444
38999
20570
35272
38264
7761
12044
40512
47735
10389
34963
793
24789
824
12390
9045
33866
36671
20546
11864
20215
20352
40381
6798
16273
3579
27484
7057
48075
23783
38031
7519
12782
24953
9144
1046
32714
21188
41558
46802
47929
42873
47595
22718
10049
9986
31763
43916
13009
18661
22132
33224
39013
12513
6374
21638
16093
211
28696
14168
40346
33079
38040
3128
8033
47184
20526
7099
34724
28436
3901
49006
21309
1497
21724
31359
27835
19840
41627
40844
4853
13759
40420
10219
26272
13147
31857
8717
13358
26905
22886
3704
9985
27278
23184
18018
40814
43710
41469
25538
22146
45371
24544
9807
13220
12621
7518
41055
48813
49145
48251
3666
12904
38671
30237
39177
1818
12095
47894
31528
39000
37132
1584
48985
14410
41120
33355
5224
34830
24825
47115
23328
36548
21659
33136
49768
632
7006
40823
15797
6152
39074
19464
19056
44097
16053
24585
12268
28148
22480
10148
17149
25964
11733
32486
40375
2853
32194
11951
4036
23371
9066
43716
9919
47078
26852
9687
47710
211
16862
13508
6363
5936
49324
25419
16385
15377
16357
28653
9878
5189
5154
43379
31153
33239
25865
37880
36092
24411
49832
6480
47782
8898
197
7701
22328
43401
33740
20039
43612
602
49899
49975
22890
15575
41747
39276
47304
8104
34281
23534
13293
39435
16913
10798
22674
9131
48679
25119
33542
48511
47951
31325
23761
48148
5378
46090
7902
39119
32481
17866
39721
48732
17842
12612
30659
25941
18240
44315
397
2521
17850
30042
8309
34763
40840
47335
10246
39519
38806
43789
4382
36758
41466
28144
1258
46844
40586
9160
35963
23067
27027
42037
38151
11221
21001
18810
3514
39241
13125
3911
8114
47327
33953
16423
48443
41145
30111
8689
30665
18917
2478
1399
22027
10296
45895
23286
23493
36481
48798
25808
25900
42177
17845
14051
3398
38846
49213
23264
28087
12339
27175
2554
26018
27480
18977
24461
18626
15440
33151
15643
34358
1981
33394
6385
28630
29290
46023
2123
15771
44822
27931
41672
36999
45777
22075
6750
975
21289
30014
45415
49980
23542
47969
25998
1022
33298
16812
36000
48739
49963
17995
49449
18296
1390
22186
46926
30680
18210
49049
12803
13032
43333
4475
16383
5462
42903
23133
6437
30544
3148
1852
30524
26690
16173
22874
44064
49472
39686
46417
48211
6001
14412
14012
40650
32154
36198
3928
12834
4408
19330
41990
33792
12663
12817
176
18125
5720
23309
24562
36264
42809
42767
33140
19499
8940
6015
29916
8412
12053
26333
22975
34407
40745
3339
25057
39252
39538
28985
18438
10298
48315
10428
44091
27330
23246
10619
45455
28966
280
36370
31583
43090
29137
14723
12589
4429
37090
8857
29194
49144
35190
2169
49903
42288
5509
24960
31540
11399
20297
49978
21697
34965
10407
32140
12295
5
9111
24103
28971
9392
10473
26906
2482
5962
41630
31423
10391
28720
40281
39585
44216
25471
8107
44119
17759
29968
35431
15651
41367
22081
15630
29416
23398
42389
27909
2045
42394
37020
26148
37717
46412
2973
14624
48894
8935
22606
30318
35679
17678
36951
25264
11895
12422
33371
22366
46534
13339
24150
12185
21058
12583
44167
16827
35981
2908
44736
4378
45302
31756
46879
49372
28169
49852
30348
43415
25140
2954
40085
10819
36984
27036
36083
15231
39459
35807
3950
2345
15498
28100
14530
2909
7035
8698
19736
9368
11606
14472
13746
23261
12580
10625
38985
7101
26830
19333
517
1970
38639
6954
12789
25623
33991
15224
40855
39802
1031
44805
42147
32882
39257
23029
35791
12644
31727
5527
22012
9686
36351
2110
49299
48931
12736
38284
6033
39566
23969
22902
41536
28960
29856
20677
4583
13847
35901
11790
20001
3285
22947
12148
36167
28556
35178
21958
41200
33257
27485
29564
9295
13836
31675
24946
12767
44411
13230
35152
329
3551
8054
8217
32511
4263
45246
3447
34462
31147
31589
4464
34432
4537
32964
20599
49445
34494
42557
40646
34104
36394
20210
9751
230
18237
34698
29350
29000
14280
30854
29329
17832
5261
3898
16695
9524
49144
20142
10338
46644
18084
14802
31076
38973
14119
18028
38418
14965
26937
45416
49069
13332
31979
25173
29914
216
9871
9264
29217
24151
6471
24898
8335
11732
28797
41383
21256
44293
27877
47946
40937
45961
29101
38366
34934
43220
6394
23353
8185
33331
18769
23607
46663
748
48780
26578
965
25003
2194
30182
49154
8665
21432
23842
20397
229
15225
8005
44523
43102
5952
1812
39064
35053
40178
23998
44625
46572
13703
19162
29904
32473
9121
42919
49573
24253
35849
16890
49256
38044
13424
14763
46709
34857
38605
33459
35086
20182
