4.215845758873380866e+00 5.213382736128883366e+00 4.455114038096283480e+00
2.568721220829443652e+00 2.068359241795345582e+00 4.601975829197268553e+00
3.719549762303795415e+00 4.773992037615767181e+00 4.739141685724051811e+00
3.654021936330197562e+00 5.281275727582150914e+00 2.616054213141338458e+00
3.256756709711895681e+00 3.425552610499017714e+00 3.354737897605409191e+00
3.666973552848094897e+00 4.412181195691969648e+00 5.429119813815805884e+00
3.472168413414672639e+00 4.931680716556185118e+00 3.684211986082813084e+00
3.003482072098357936e+00 2.206274217780766378e+00 1.774105863752009959e+00
5.046848775933564291e+00 1.392449063588744540e+00 4.355999025466753771e+00
4.399727685118176801e+00 2.447787417351371619e+00 2.464617520510537396e+00
4.215608364672558395e+00 4.017279875215298723e+00 2.821885853269221922e+00
3.131755393841216151e+00 5.304726058639515962e+00 2.589836165923818267e+00
2.348425986020315825e+00 4.341551690388070206e+00 4.221715707740697709e+00
4.398190319620554511e+00 4.104023033527327335e+00 3.797673769312924996e+00
3.875877040284806174e+00 3.849991507774127353e+00 5.479121723199560812e+00
2.079020355509552331e+00 4.500137528850682855e+00 5.104470108443699417e+00
3.331718145959735367e+00 4.836535041618049036e+00 3.082028624198709821e+00
3.562752881137857486e+00 4.047434891491373143e+00 4.580744798712937715e+00
4.405523342760456984e+00 4.396846860401169899e+00 2.817344119866492136e+00
3.845806004160492009e+00 4.718151914667893188e+00 3.362784679069870553e+00
4.446292170032795532e+00 2.120719427946628599e+00 4.129061439793256127e+00
4.098721778705861851e+00 3.738182090446210193e+00 6.029454102199535370e+00
3.033477742857022097e+00 3.026539058201507704e+00 5.207806743461831367e+00
5.423923014357963979e+00 5.107734581343493119e+00 4.211959281950478307e+00
4.107939578422077354e+00 4.856079127368064796e+00 2.388421451453712763e+00
4.488891128728273117e+00 4.149200885384568771e+00 4.739101613539582480e+00
3.380617723704049560e+00 2.943484637622601596e+00 1.769774698022879900e+00
4.283029699583504879e+00 4.553385743193370416e+00 3.856507074631874588e+00
4.162539237471090559e+00 3.426323583544075291e+00 4.423791347433619237e+00
3.185456716374345021e+00 3.163752271899654911e+00 4.549680915684964688e+00
3.320562212902713917e+00 3.677148377588790762e+00 3.724935502908629736e+00
2.707824019824286665e+00 3.213414368568336954e+00 2.031009487239542999e+00
3.407133130938141186e+00 2.688666521268809895e+00 2.615796521086529935e+00
3.078151094824973288e+00 4.107281961336601839e+00 4.382860128864234817e+00
4.740212267486426434e+00 4.041958626105817132e+00 4.240590277477527259e+00
4.787103215561240965e+00 3.121188110369348401e+00 2.982345560385710748e+00
3.260362612043736785e+00 3.408595536566595641e+00 2.784271972577181842e+00
5.883381319067516380e+00 5.252643863712654237e+00 2.420310444302753439e+00
4.377608959221161555e+00 4.909971260799133042e+00 1.656572719265354099e+00
5.051241354724360200e+00 4.885184776453660227e+00 4.376896023025859783e+00
3.680690003131744437e+00 2.885495049138826928e+00 1.610285973437803442e+00
5.181907710729362293e+00 3.426548471397204310e+00 3.795507232621631921e+00
5.814890385930945982e+00 4.130605928350755462e+00 3.824985899005521883e+00
2.327599975675501032e+00 4.436697129415491325e+00 5.337202346120820451e+00
4.065155877353056724e+00 2.309602330130704040e+00 4.722451475523620879e+00
3.815936824814995632e+00 5.316726516466134811e+00 4.454199789464912129e+00
1.878007349570945284e+00 4.115026669110807056e+00 4.567434218490555864e+00
2.622999838163189601e+00 4.034330438253046047e+00 3.322872867669814934e+00
3.891219911943256005e+00 3.137265002086600862e+00 3.303231403399746746e+00
4.140306488469890134e+00 3.478628341868777341e+00 2.520236992411336807e+00
2.926879459276409357e+00 3.223482643681734316e+00 3.553703144398393299e+00
4.070199241534798063e+00 3.697652093216379221e+00 3.934067255303788091e+00
3.421292208404170587e+00 3.478556351845248251e+00 4.265748505821461478e+00
3.246205967010241444e+00 3.330201591427690566e+00 3.750653842607662547e+00
2.915719612818149287e+00 4.175947926600498405e+00 3.875454949988118791e+00
4.215647154289071885e+00 4.956957768136567744e+00 3.805465176186220599e+00
4.755158032054443318e+00 5.519834703856958846e+00 4.341814843730119833e+00
4.345405804920117632e+00 5.635800657486381482e+00 3.002660402046914534e+00
3.345411374912574232e+00 3.469002824077835889e+00 3.846985238464736501e+00
3.583590802756726923e+00 4.852774928598263315e+00 3.796513500019782938e+00
5.106325021257100971e+00 4.229757757586074973e+00 4.554864806740344996e+00
4.136865078301675602e+00 2.816989956885394442e+00 5.092481420528505609e+00
2.765273120137040408e+00 3.139488295165145271e+00 4.381658516941057790e+00
4.725192674984977970e+00 4.676247012029549843e+00 3.490707013193888653e+00
3.744898883865912520e+00 3.619422991081414409e+00 6.231495352365687523e+00
5.526082895491710723e+00 3.283708223740401611e+00 4.122571743844376080e+00
4.892069477304246128e+00 2.658072111768774004e+00 4.309703686591324967e+00
4.237720845551036675e+00 4.312770531245380567e+00 5.247650517519703683e+00
4.161082164033955699e+00 4.217038382304254540e+00 3.237585319696824726e+00
5.060512123584690158e+00 4.217004036982760162e+00 2.352756538375147422e+00
4.205733751309955082e+00 3.073450268998016099e+00 5.097391427302982336e+00
3.987623371621809021e+00 4.085954469865082039e+00 2.427293248814831994e+00
3.743940397966903255e+00 3.688327101314006207e+00 5.713738983046737552e+00
4.116013985588415913e+00 4.942713928946890434e+00 5.414246668755671621e+00
3.870776214804243942e+00 4.486121061323994574e+00 3.314817088654273824e+00
4.126488112246348372e+00 4.280429818746553927e+00 3.683402121817321628e+00
2.487971224807935755e+00 3.421545341986859778e+00 4.719136790770281031e+00
2.753047978039460553e+00 3.705372227715806766e+00 3.978533634741897806e+00
4.899927051182742410e+00 4.455529449104846940e+00 5.333473549717897555e+00
3.747584162997158241e+00 3.225681002703729483e+00 4.560643977310483876e+00
2.450332393131856801e+00 4.277083442999756180e+00 3.877339717118675644e+00
5.175439722332887627e+00 5.118591608306413576e+00 5.274508261434943890e+00
6.097805765037803027e+00 3.794695896908908406e+00 3.947122784426138953e+00
4.386109389160337102e+00 3.235711657032669386e+00 4.216706518561867512e+00
3.966859165551462230e+00 2.652027662441109435e+00 4.754428376367426878e+00
4.015496640828252417e+00 5.662537631790623749e+00 4.245590383001757395e+00
4.319382981690495171e+00 4.643202756333185022e+00 5.080939292802602480e+00
3.584936833009890300e+00 4.342228389548797196e+00 4.181079524354442079e+00
5.266282204387225718e+00 2.297157313117539346e+00 3.891609308988141613e+00
4.063837594784956764e+00 3.909479969028183177e+00 2.705299094918047320e+00
3.721879295746615135e+00 2.655930474587634649e+00 5.548083269883914426e+00
3.450066203667194298e+00 3.926140964116699106e+00 5.030975703313527170e+00
2.460759966521313569e+00 5.428509636783316772e+00 3.749765625787150114e+00
4.114237264983970022e+00 4.095500689454008914e+00 3.178292046975070839e+00
5.966446062838278053e+00 3.490082725114143081e+00 4.720511313380878704e+00
2.644849878980313207e+00 3.671740692604715139e+00 3.185233765220414792e+00
4.020045866331074969e+00 3.566549765406845651e+00 4.433813979633853819e+00
4.287394906668517081e+00 4.054701897263030652e+00 4.247167281481995182e+00
6.366638538038231765e+00 2.154438246213801200e+00 2.835105890653620175e+00
3.485679539952114325e+00 5.152871437464088267e+00 4.060444524633177288e+00
3.268723924760950972e+00 3.148246579546374324e+00 3.865906631966715690e+00
3.536404453224635702e+00 3.913257555215896133e+00 7.338728234888780122e+00
3.094166383361468320e+00 3.332580609818136530e+00 3.315634455951567805e+00
2.635871477459355461e+00 5.696837568837190169e+00 3.264622557740539666e+00
5.502426663813563934e+00 3.874139826319684676e+00 5.659320010394106149e+00
5.023612971392461546e+00 3.824735484051848378e+00 3.897019285157640400e+00
4.339031144975406207e+00 3.632172792569833053e+00 3.736685326455757572e+00
2.937655610673066242e+00 3.335029576194125323e+00 4.827474969392262949e+00
5.076391994348361081e+00 3.005820888503187849e+00 3.234363369856379844e+00
3.536584753510630286e+00 1.910024040374276311e+00 1.664833489153899837e+00
4.320452323243137549e+00 4.561936422752594922e+00 3.086413196247239643e+00
2.954986101467965476e+00 6.090874446627805305e+00 3.336049681699433833e+00
5.588969806650495364e+00 3.956281620932798226e+00 2.608932850454071861e+00
2.931268666672575574e+00 4.374711960762342144e+00 3.576413605415218466e+00
5.696087995078380928e+00 3.121370153006982839e+00 3.033494675494679882e+00
3.730714973199466655e+00 4.287467757632069443e+00 4.853028508280312181e+00
4.278417233382243445e+00 2.197565017187145031e+00 5.722007962441169937e+00
5.433060689856549885e+00 3.760002926985270388e+00 4.593540900778426028e+00
4.451809887694755830e+00 4.287838708181528347e+00 4.290600158684227949e+00
3.956999638811751652e+00 3.072133876881960823e+00 3.560523307207681398e+00
2.911737883145526951e+00 3.353069566388639178e+00 3.741490684724315674e+00
3.063325534066008160e+00 2.080988026175440986e+00 2.433748190918606724e+00
3.034034268104599530e+00 3.530691109276306694e+00 4.173107960909920422e+00
2.769884793312590077e+00 3.515908780225436736e+00 2.229299347066961090e+00
3.939055848508004054e+00 1.588391726971940976e+00 5.194247626822646069e+00
4.694917222201014262e+00 3.807386008359492369e+00 4.530218395228036599e+00
4.018533938473408895e+00 2.822764540038118497e+00 2.926874877939319219e+00
2.740762265545494181e+00 5.006672721322907194e+00 3.629631781823542624e+00
3.691405194292643355e+00 3.044190199010789577e+00 5.574385023326966504e+00
4.643999624551442551e+00 4.477029429076994305e+00 3.961059645283004915e+00
3.429314500675147315e+00 4.058823956873363059e+00 1.551609116759687268e+00
5.319772280068131742e+00 5.182124327114928874e+00 2.492582296503420558e+00
5.273745897574547037e+00 2.249906288639352603e+00 3.466997415792351767e+00
3.705272300840624311e+00 3.844395952652007953e+00 3.496095580589318796e+00
4.152136154678194302e+00 4.834701893904135517e+00 3.279178018464402378e+00
1.986988545503518555e+00 4.497094763276971108e+00 3.391624260133629054e+00
4.996286654649123804e+00 5.092794672637342757e+00 4.296403320460919772e+00
4.268508460677436389e+00 5.058351595706541026e+00 4.132996685157238836e+00
3.069687989798183914e+00 4.017879204806435567e+00 6.232976602538750299e+00
3.269438081556288900e+00 4.476832395857962332e+00 3.274599593744533355e+00
4.395654413735464061e+00 4.406999864367402431e+00 4.023656794629479450e+00
4.594455681207986864e+00 3.434856907563792472e+00 4.913349863426494046e+00
3.698364893888313354e+00 3.889129459232307351e+00 2.291558213002266253e+00
4.511064901709716857e+00 5.688478613030145681e+00 4.047253162171284835e+00
4.870009095714782354e+00 5.557624747846222846e+00 2.718868546397586794e+00
4.560066755095293800e+00 3.561207722361610983e+00 3.488186033982747070e+00
3.920188085584909832e+00 4.030311128022903588e+00 5.245673291762470214e+00
4.624451303165482585e+00 6.108490661088888274e+00 5.475905784290219458e+00
4.057403645031967265e+00 5.260857409729441159e+00 5.034631544107036838e+00
4.903348208201157021e+00 5.279485144703262911e+00 5.440000926645407020e+00
3.208837153154669330e+00 5.038210665854274239e+00 3.176280034791082230e+00
2.302393464678864632e+00 4.003509750409397938e+00 3.616531584555120471e+00
4.851727875312808358e+00 3.543592935942045052e+00 4.659400641931853215e+00
3.728186645992304094e+00 5.959454608566611356e+00 3.871515514001491187e+00
5.520128733883554517e+00 5.820444138395506783e+00 3.621993585623600076e+00
4.902339977003103755e+00 5.144359278487681486e+00 4.941880255292555368e+00
5.184435296127488435e+00 2.354088382600031615e+00 4.190482118429562419e+00
2.740461535829093798e+00 4.101191900202271867e+00 3.028115676444382842e+00
3.675538856032593671e+00 4.787144029833742209e+00 5.305586286640292748e+00
4.264205328185232347e+00 5.200565259822607089e+00 5.149286558790234558e+00
3.776721778313671507e+00 3.133381232466498911e+00 5.821501536372408303e+00
3.698568261384738154e+00 3.110288420868222659e+00 3.842969332111723091e+00
4.539047278138814256e+00 4.555887024120284678e+00 4.908373527147788629e+00
2.134569129019233902e+00 4.805302507781057386e+00 3.532045152616595463e+00
4.735527646586854544e+00 4.561147118681200041e+00 4.451729327729932351e+00
3.528125789252896993e+00 3.633886521657527791e+00 4.798953479311355963e+00
2.626093177049368954e+00 4.792655478082245679e+00 3.795275311112872973e+00
4.864332240151457043e+00 5.102503374439114836e+00 3.745380258110520444e+00
4.582558142739185492e+00 2.585335464181403253e+00 3.871918649913612676e+00
3.748542698660410011e+00 2.519949838048192170e+00 4.012391284150619519e+00
3.623801994911945545e+00 3.551487968709865495e+00 5.989770975000152653e+00
4.501157483412731253e+00 2.443134446587790887e+00 2.698928024377006629e+00
5.494213734392734416e+00 3.915109576713092121e+00 3.529530458541047189e+00
2.724510108812789433e+00 5.892887364036142550e+00 3.135615868301574238e+00
4.723250387569499331e+00 4.586377276707137796e+00 2.490679613169176410e+00
5.519798159831094786e+00 3.304416027109513987e+00 4.435229295794644422e+00
2.599798887929241964e+00 3.020004856531204762e+00 5.281559459350099850e+00
3.797637550909224835e+00 4.394428738104407373e+00 3.031332509505783257e+00
4.471826952610268080e+00 4.490786320721431579e+00 3.820051245388055072e+00
2.887729546274654169e+00 4.780107160665465038e+00 3.277850302811483818e+00
2.303295954810400836e+00 4.176006990259975460e+00 2.966660206967649760e+00
4.235385894484184455e+00 3.536563269775586882e+00 4.959001987353771845e+00
3.646160246823151319e+00 4.793660381017897265e+00 5.382526777516416061e+00
6.014507522784599658e+00 2.990888380012522774e+00 4.715227322414431654e+00
4.799959158450363361e+00 3.433835276607645426e+00 3.798816452027844903e+00
3.994328841827810894e+00 4.273883351152103494e+00 4.395761132506424751e+00
4.356003577483164690e+00 3.791916481006049278e+00 3.113879243358454119e+00
3.833698477962695694e+00 3.475999280519183277e+00 4.330469168816448722e+00
4.261929428860761426e+00 4.156511233585597154e+00 3.720877424386035859e+00
3.207733743808278248e+00 3.207394697899355052e+00 3.509374811555599383e+00
2.863457087827739223e+00 3.992903543263086164e+00 2.430473498020517376e+00
4.757900179809522179e+00 4.133137401107918940e+00 3.174042710490808883e+00
3.756278950994837107e+00 3.789687602743641470e+00 3.678108749281177037e+00
3.251127455169451785e+00 3.070472562007271033e+00 3.313929780568668271e+00
3.451094890111125135e+00 4.832834805689564917e+00 3.395778663232610572e+00
5.867159734347699107e+00 3.050448513928097682e+00 3.168146616992015385e+00
5.308363310832200810e+00 3.581174506885682174e+00 3.755867528126925148e+00
5.603499378758255212e+00 3.913456877094801278e+00 1.824484369778429649e+00
4.216450846382236328e+00 3.954778705569288899e+00 4.549574471907764206e+00
2.992649497471467246e+00 3.675965210559751561e+00 2.175729603683553393e+00
1.537263331864896776e-01 2.310111049223473600e-01 -1.526786972393010255e-01
-1.801095354310819907e-01 2.615030372681931836e-01 9.131221386725824063e-01
-1.758666846349469237e+00 1.101663660516672527e+00 5.658426656752242323e-01
5.130455186263236378e-01 2.977766060864106001e-01 -6.641435900014294180e-01
6.559479919230072342e-01 -1.519013220168217604e+00 5.795196376724416343e-01
-3.617846969431048887e-01 -6.900065148013960759e-01 -1.521163937282851819e+00
-7.100578688584761877e-02 1.966532876391031970e-01 -1.244269722727506577e+00
-1.531960908839964941e-01 -7.148280276543386713e-02 -1.234821234401571877e+00
-4.141747599522732082e-01 1.031272874275770635e+00 -1.568002600502796939e+00
-4.767771869673094742e-01 -6.648743037418822777e-01 -3.030698058666079220e-01
2.037119000017766912e-01 5.108416866089248165e-01 -1.353756066283898774e-01
-5.132232872480251284e-01 7.195247404036461125e-01 1.043170372537761903e+00
-4.933746626555508136e-02 2.664040996160048635e-01 2.399024927447629407e-02
-2.576996913163160374e-01 -7.709997342587124880e-01 1.389625012170498053e+00
1.741902029799812679e+00 -3.876058707102229550e-01 -2.207428934353477867e+00
-1.524662875600928114e-01 2.121053060456231876e+00 7.048677869615485037e-01
8.156290930603401490e-01 2.905944900451074564e-01 -1.715791714771208454e-01
-1.170684299012721974e+00 2.696437241841502797e-01 -8.409820133629682948e-01
9.147375583222369100e-01 2.065847954350813698e+00 2.230611198122669947e+00
-6.751245321713102987e-01 -2.078568297924109132e+00 7.209303431195968059e-01
-7.095863680003446083e-02 -1.023693721926954403e+00 -1.638286366911297920e+00
2.485553976326026482e-01 6.426758451819470919e-01 -3.692758415672632299e-01
9.004143950206108249e-01 -3.500732277753945687e-01 -2.634085105392503401e+00
8.645954639471034042e-01 -1.420579116784324025e+00 6.497584791413332228e-01
7.702345629043334529e-01 1.178099795909879788e+00 1.001812308640430027e+00
-1.290878755293114910e+00 -3.337823949002345358e-01 -1.166696283777242993e+00
-8.981519182540536050e-01 -1.069661516666737533e-01 -2.030411872110938543e+00
1.457742828124895418e+00 1.195081404295552208e+00 -3.535288119883827629e-01
1.520846969261223647e+00 1.653505235789976338e-02 2.595742805333905334e+00
-6.369129811046523315e-01 -6.023151220787988785e-02 -2.154664897971353132e-01
-1.903997091320738022e+00 -2.325107911508864644e-01 -4.961734775673101172e-01
-6.487132642155793993e-01 3.653140857869356939e-01 1.118815986851136701e+00
-6.609761200573638362e-01 7.995852874982802838e-01 -8.231429945180536445e-02
-6.434529974957140519e-01 -1.093806101827010518e-01 4.762431641353968848e-02
-2.274009980405109488e+00 -5.664477614119802773e-01 7.130619763165338965e-01
-9.398717821577071141e-03 8.764113460008934320e-01 -2.282611029181804974e-01
4.162447266228693210e-01 -1.357571239284745435e+00 -8.439454851564509585e-01
-2.200045990373568294e+00 -1.097389156623428397e+00 8.179261388898588780e-01
9.495942442350772117e-01 3.581174235514107962e-01 7.998684582277136856e-01
-3.598931242093412752e-01 1.452428253137723280e+00 5.517523113585464101e-01
-6.071093518182887339e-01 4.899065442688139149e-01 9.344458708490199772e-01
-1.271128011250641565e+00 3.581721101557290843e-01 -9.487954518460107733e-01
-8.432190439115971881e-02 1.297270397450652535e+00 -1.270349070862545116e+00
4.531977445912214186e-01 -2.557217381478370521e-01 -3.246866443937620472e-01
4.837879568588830392e-01 7.978969139219426188e-01 -2.349527118901328579e-02
-9.958307553854239824e-01 1.385117914052593768e+00 -9.114485511031559239e-01
1.678252778795157996e+00 1.506656451659632356e+00 9.139475307155746353e-02
-2.610383350449936857e-01 3.488017860404219461e-01 1.321444584186788118e+00
-4.407542535613693246e-01 1.336805630506364695e+00 -1.105693148505169088e+00
-2.655596181565381686e-01 1.412030107200446416e+00 2.701266109028435114e+00
2.794070793281098197e+00 -7.776271274074031403e-01 3.028964386098790817e-01
-1.338222526391745548e+00 4.878568195312848466e-01 5.035809306451769496e-01
1.766609935867217152e+00 -1.895672015676290512e+00 1.409244790759820176e-01
-3.878192827029453560e-01 4.257318023779162464e-01 -1.882697172347593262e-01
-1.382574687559860571e+00 -2.275351645051001626e+00 1.725465505335736172e+00
-9.555389021671055749e-01 -9.608219462725583471e-01 8.530013524351016674e-01
2.641010758911462863e-01 -4.937299688936147568e-01 1.310654579540979192e+00
-1.414784514581306496e+00 1.195772549912543337e+00 2.125846377392368036e-01
6.143305130832685812e-01 -5.450304947851793147e-02 -1.268786200086511773e+00
-1.055301827065324716e+00 5.359884594544633840e-01 -8.517290230459890754e-01
-8.786607640074499681e-01 -9.416554002027981429e-01 4.818886143422675961e-01
-5.086955197015533559e-01 3.545636554215593761e-01 1.905682186895986563e+00
2.002283474532230156e-01 9.895677798111186529e-01 8.254605946904456371e-01
1.370012818529437945e-02 -1.485858058857061792e+00 2.611081842197579217e+00
2.243297375918950620e-01 -1.032385111339853001e+00 1.358067626671659589e+00
4.327134646308223864e-01 1.097026854899276760e+00 1.821273587583029041e+00
8.311002612211999541e-01 -2.526266446515230690e-01 3.369662739321222511e-01
-5.476147773494025595e-01 2.285533461821055989e-01 -5.261371540322936635e-01
6.925506318063215927e-01 1.510230592087002277e+00 9.948921678348445763e-01
-7.509554686887534025e-01 -1.997606071757277890e+00 1.587512411564298898e+00
-6.669701760102247912e-01 7.480460490216274128e-01 7.326960151034858093e-01
-5.123636521892552809e-01 -4.480413694739707187e-02 6.154359855795093343e-02
-2.322374934908629118e+00 1.556409236096574444e+00 1.918159511194603262e+00
-4.397550727373965018e-01 1.211203409185479307e+00 -4.222111947649847541e-01
-8.206076106894719668e-01 2.547775392174004949e+00 -1.926158496652759788e-01
-4.140188776222218925e-01 6.746165099306764557e-01 9.145001974801054700e-01
-1.864938924723414271e+00 -4.665444516836803612e-01 6.352071996770389806e-01
-5.730559046797853995e-01 -6.431840165340541038e-01 -2.882493022758658707e-01
6.134431588039233052e-01 -2.052067912064612365e-01 -1.954074138693373985e+00
6.732993739270460853e-01 -1.012158517444236711e-01 -1.161264650808144117e+00
1.197265815602309047e+00 8.700838486557920248e-01 9.907097060678282663e-01
-1.072619614678912425e+00 2.921613241328564758e-03 1.018385608295115929e+00
2.326879991427923677e-01 8.117241082183069834e-01 1.346882715033020705e+00
-3.619565936039349507e-01 -1.999984939846028986e+00 4.130804236336086954e-01
-2.168801079276496679e-01 1.587600948861231265e+00 -8.359830550848543762e-01
-4.791985211563525859e-01 7.182533368524833817e-01 4.134345489421550335e-01
5.464466878789883131e-01 2.961914188871387910e-01 1.235922392117064089e-01
-7.292205825761365334e-01 1.439214973238615025e+00 -7.072446448211832104e-01
-1.165452407005719726e+00 -6.321218168121615077e-01 7.536171803992878226e-01
3.044318575181255704e-01 1.250603888101007033e-01 7.862029310703212426e-01
-5.375579293446824947e-01 1.977677060998829450e+00 4.474341930077235241e-01
1.030713855259894673e+00 3.817429100026311639e-01 -1.232771635780371966e+00
-5.399708081609284199e-02 -7.501369258433215892e-01 -2.230475353073701150e+00
-1.225242853978195517e-01 9.153004262093688073e-03 9.792742319640036497e-01
1.931078017481086678e-02 5.728794496789001434e-01 4.739661015963108626e-01
-2.130373761056233717e-01 1.795717595836227920e+00 8.655967823545771545e-01
-4.469599190240315933e-01 8.721502040450952453e-01 9.042198571984791933e-01
1.477677575741519034e+00 -1.215107210797017334e+00 -7.287964081865710986e-01
-1.354759232763157240e+00 5.399730181995402445e-01 9.743141203067533507e-01
-3.325288627829389027e-02 4.224275996536813044e-02 1.032514072622802592e+00
3.753906225492021909e-01 -3.587577830626347830e-01 -4.231512779731877449e-01
-7.043107401355440389e-02 -7.959227410851715812e-01 -3.923357253983553172e-01
8.143675264947362047e-01 1.226384605554022400e+00 1.836801170048310838e-01
-1.153620884732369012e+00 5.269471601393495019e-01 -8.229260378645323337e-01
7.882191531998374856e-01 -3.901884700086348801e-01 -1.506828254474024131e-01
3.967934352017060129e-01 1.564706213735595763e-01 7.469738538797401350e-01
7.507330823296246569e-01 4.597084035970196991e-01 -1.040791210336412753e+00
-1.545670788470384860e+00 1.791073596789345856e+00 4.750723015335435728e-01
2.052123089911484399e+00 -1.828028431516056096e-01 -4.530212357248253330e-01
2.817742283227456235e-01 -1.445535976671226963e-01 -6.887030180844264660e-01
-1.894899507972708896e+00 -4.653358517391006227e-02 -1.816393253773020300e+00
-2.214906188051224134e-01 -4.209770810312973843e-01 1.256928983016154799e-01
-1.431205483361373876e+00 -1.946219428302194299e+00 -1.368607626469150906e+00
-9.637423250921585138e-01 -2.799302973293167907e-01 2.581684206456382191e-01
-1.466310919788178957e+00 -4.537467093079015634e-01 -1.257262805941249173e+00
9.662271293839580499e-01 -5.875107372097600894e-02 -1.651920756179281691e+00
-1.007893889783723768e-01 1.096142769880747991e+00 6.675180259318050369e-02
8.424982389096172808e-01 -1.650219305373835432e+00 -7.053599607229602553e-01
-3.114444661327276265e+00 -5.042536454805666285e-02 1.689029043186290879e+00
2.333183359514196253e-01 3.769057057288981161e-02 -2.702719508798904435e+00
7.414313727842500867e-01 3.505347729541703483e-01 -4.101319314534401794e-01
3.322832951751235608e-01 -6.290513836016221605e-01 -1.008877140448541709e+00
8.681114051165010892e-01 -4.082701528793799550e-01 -6.814043161284139005e-01
-2.325099350075474192e+00 2.142843190970992406e+00 -2.673505092349720003e-01
-3.132804403723745690e-01 1.332920216180188411e-01 9.917325358864477192e-01
-1.577795593410316055e+00 -4.738282455956311923e-01 -1.383350462306753570e-01
2.759517133665342903e-01 3.738952518120293722e-01 -3.802762717002444726e-01
1.530305054184666558e+00 -1.873786322853445430e-01 5.338129377641230855e-01
2.396036345578808735e+00 7.865025823883475820e-01 -1.051394193167378560e-01
5.468184776725435459e-01 1.048783257368468336e+00 9.441636166667045638e-01
-7.878478736856888709e-01 6.440091271467486278e-01 -1.293635959562702942e+00
-6.374053236680244927e-01 7.448918121432982486e-01 -1.775908694714606995e+00
1.337383904596791684e+00 6.808278636651705629e-01 -3.109756013706529987e-01
7.046724048323166345e-02 -3.002121014780934072e-01 1.095151203954412455e+00
-1.347663514882754932e+00 4.813874380881397186e-01 4.068185722774474850e-02
-8.014581047679001369e-01 -1.250548864644794866e+00 2.459218827460067092e-01
-2.079837069890477341e+00 1.169471037789623580e+00 -3.784259471195212249e-02
7.356334849651058327e-01 2.002718694497703122e+00 -3.306993360703716633e-01
-2.789936498740275272e-01 2.287809408391555444e+00 1.436685565116894825e+00
9.181553573855565364e-01 1.897518230524963823e+00 1.338546525000019027e+00
-6.673116511974631904e-02 3.875686789038854663e-01 -1.191371524380180347e+00
-1.057549348880672424e+00 -5.193734489102609375e-01 7.504269234160755309e-01
-6.939500080904178470e-01 -3.168413328236319604e+00 5.978188123124198450e-01
-5.038737771889835182e-01 -1.190525037409545739e+00 -1.340542825057494891e+00
-3.898539660648830951e-01 -1.279152586324005192e+00 1.110927930450042789e+00
9.841699939170959199e-01 -9.545830642833916801e-01 -1.613754441631614321e-03
-7.111932936653894144e-01 -3.345160777694822229e-01 -7.642867229233021309e-01
2.243281592303647098e+00 -1.288501645204010171e-01 -5.031886710811108582e-02
-1.345245691640773344e+00 -1.185682064330147556e+00 -1.627111372132284406e-01
1.953098741800960214e+00 -1.217951835035366637e+00 -9.997530247407844517e-02
-7.044221724298108667e-01 1.583400822854853507e+00 -2.740331869866861614e-01
-7.784105195308719215e-03 -2.799577733021882064e+00 -2.838028442372373950e-01
7.173384569505369956e-02 -9.107355562300980534e-01 -3.299464609825471517e-01
-7.849314676277964198e-01 4.271111317885562531e-01 -3.507719412738993237e-01
-5.066620450617947968e-01 1.252829968921753245e+00 -1.573082870226779173e+00
-7.051278244403956785e-01 1.001114479109554756e+00 -4.021013246624765003e-01
-6.202396086396764208e-01 1.824017802397705779e-01 -2.535475635434377928e+00
-4.038612400232096111e-01 1.175166739459609477e+00 -9.599735409707226275e-01
-2.241357939307822011e+00 9.414253184235286953e-02 -7.193127815053225182e-01
-6.449432431934108978e-01 -7.245931752412874127e-01 -1.226624356112078429e+00
-4.529388692790016768e-01 9.199645182856253101e-01 -2.100562852730154528e+00
-1.806823457491896212e+00 -5.503338259775100161e-01 -8.777341221997609910e-01
-2.205796140317682674e+00 -6.981361712405495523e-02 1.328017318453137863e+00
-1.168303784762728670e+00 -1.052394969770142463e+00 -8.618524924984046764e-01
-8.701739952666209810e-01 -1.685759934160692586e+00 7.753604849708263247e-01
1.617324517840227571e+00 -2.004240929153366046e+00 -7.837326185485886665e-01
5.662070818067796996e-01 5.883970935142905923e-01 2.072635433937768390e-01
1.214617993740677582e+00 -4.162520757683630390e-01 3.135086262764844034e-01
2.679449562499912063e-01 -8.516855684925768166e-01 -9.823721264114179119e-01
-1.346669246039452705e+00 -2.242888439912612775e+00 1.683625867164411927e-01
1.639609958674584700e+00 5.812770299852298983e-01 -1.733268335984466113e-01
1.415069688406839443e+00 5.168240588747978759e-01 1.943900614492808376e-01
5.473618656373765295e-02 -2.126336109604657354e-01 4.457346453250881080e-01
1.482410981316187204e+00 3.174562494194014400e-02 -4.461267319970856349e-01
5.091311197198745697e-01 5.293627293062871386e-01 1.869491438016155638e-01
2.341200673659769513e-02 -3.558531624750944089e-01 8.700833572489660162e-01
4.902800388777365237e-01 1.662933389273648366e-01 -9.607369336853432973e-01
6.430102695804792434e-01 4.387349095664003218e-01 2.118037504697174001e+00
7.090694893666549259e-02 1.954573878586122679e-02 9.294548599429899305e-01
1.006288795281880422e+00 -2.092461665081015720e+00 1.532165155771366027e+00
4.458696943915447380e-02 9.392318488052912029e-01 6.379194020956023836e-01
6.869897578162372787e-01 1.864760817722250219e-01 -4.471992422047590399e-01
9.136732310472615859e-02 1.285567642313130587e+00 8.213917939158235093e-01
1.231963916078023802e+00 -7.430101305149864332e-01 1.344140970066607377e+00
2.676828079720368625e-01 1.695603613224169859e+00 -1.043672487324166287e+00
2.502945262861083209e-01 3.469830716967762241e-01 1.221554062975244381e+00
1.375340127184495609e-01 1.658553792670719673e+00 9.869731946351849583e-01
8.091242083801488683e-01 -2.194115964059092094e-01 2.362033521590060914e-01
1.175834379177013611e+00 1.585633562583017131e+00 -4.813332250666265688e-01
9.221945684892228767e-01 -4.134947292566529820e-01 9.590047830084628133e-01
-6.526853483995550542e-01 9.607773425986096960e-01 2.824534306508643886e-02
1.555755737354487023e+00 -7.139860719649608611e-02 5.863049165372692384e-01
6.485627077914589700e-01 1.419725129174471911e+00 -5.695096343351394585e-01
4.243991096932162033e-01 -7.082317677150404833e-01 1.909344245272148743e+00
9.758245667000610135e-01 -4.838713206556374269e-01 8.470321716016895319e-01
1.060305124816626865e+00 7.617560721587177675e-01 8.785717896692637474e-01
1.844855503655074003e+00 -4.638546379630576477e-01 1.961601338018576168e+00
4.709345497584964679e-01 -1.226134513660524838e+00 1.255434521818886429e-01
7.788404879017157834e-01 9.219058749645949735e-01 -1.306370664665066128e+00
2.889372929064928375e-01 -6.658389751147277824e-01 1.295105443754773766e+00
